 "Unnamed: 0" redshift luminosity_distance mass_1_source mass_2_source chi_eff chi_1 chi_2 mass_1 mass_2 radius_1 radius_2 lambda_1 lambda_2 theta_jn phase psi ra dec geocent_time prompt_collapse inclination_EM log10_mej_dyn v_ej_dyn Ye_dyn log10_mdisk log10_mej_wind v_ej_wind Ye_wind chi_BH Ebv trigger_time redshift.1 luminosity_distance.1 prompt_collapse.1 has_grb thetaCore log10_Ekin_iso log10_n0 afterglow_detected snr chirp_mass mass_ratio redshift_measured
0 0 0.1855684009842952 931.5743409119992 1.37108370612372 1.3644839807700453 0.0464042411840487 0.0 0.0930329300357701 1.62551351708472 1.6176890912502284 12.168047280273212 12.16952434355074 435.4912249072821 448.44803527339417 0.4816915530329649 5.430658571848964 2.297024263321857 1.816640625926588 0.9027907655398948 2212189073.3678446 2 0.4816915530329649 -2.281933936249284 0.2058801607757491 0.1578911759239333 -0.7465286990159078 -0.8493063389312905 0.0714382813962635 0.2854307774583147 0.6885671410548958 0.068153776 69848.04042092412 0.1855684009842952 931.5743409119992 2 False 0.2465551507728422 50.84336332572051 -0.5637256682358984 False 80.024 1.411680998787926 0.9951864898370552 0.18491260517761776
1 1 0.0973481852422767 462.43685085786433 1.4444539496682236 1.2423442580570196 0.0291045574986743 0.0541367711598115 0.0 1.5850689203344643 1.3632842170250334 12.148845457665352 12.1887261661586 314.51407015907654 784.0144919333003 2.0929646217481737 3.814341505229309 0.6109441177100492 4.031714774328658 -0.6194067288849439 2210689253.5552206 4 1.0486280318416197 -2.146143122223948 0.200747296834281 0.151717002923 -0.7266048827310825 -1.1694790488431532 0.0781443214894296 0.2195134507555937 0.65802071231428 0.29423192 69830.68139531506 0.0973481852422767 462.43685085786433 4 False 0.0653917783436052 52.46329944298073 -1.6332963419243636 True 108.259 1.2789831841056496 0.8600788265644422 0.0973471995441415
2 2 0.2799464957143862 1480.581147009051 1.4180591798641515 1.3197140905368263 0.007817789631947 0.0 0.0162181609194278 1.8150398779827368 1.689163425527509 12.156230774052991 12.178386723215905 353.98651824517407 548.8394009932513 0.6463871196665282 3.899723407192413 1.0576956549501193 0.2913647331353387 -0.5150431783878723 2225492309.797459 2 0.6463871196665282 -2.24403940775696 0.2061692322245045 0.2161918576111973 -0.7702602721656502 -0.9980244082971932 0.074876170528512 0.3164677886045379 0.6873545733826477 0.022522036 70002.01306478541 0.2799464957143862 1480.581147009051 2 False 0.0833502782289997 52.040794457550525 -4.033112402285664 False 24.654 1.5241118699754428 0.9306481064233537 0.279459436308799
3 3 0.0675178068121922 314.28899940556977 1.3694151094539848 1.3460439825090091 0.0018087376552555 0.0 0.0036488801070113 1.461875014259796 1.4369259200807665 12.168047280273212 12.173955533383324 439.4340199860591 486.91215167792745 2.6873422918819565 4.6341186984351 1.4606956433591538 4.056937116716585 0.7120579779282747 2221563938.0208287 2 0.4542503617078368 -2.28409531110814 0.2037277811580436 0.2498918995378215 -0.7535879590548162 -0.9402293255399468 0.1051218015744362 0.309794949540658 0.6799953848327193 0.01901559 69956.54579885218 0.0675178068121922 314.28899940556977 2 False 0.1973059845945435 51.246724888892906 -2.580300748215823 False 109.392 1.2617203125095582 0.9829334970940301 0.06753896692397188
4 4 0.0909826071457512 430.3618239922296 1.3192562711991591 1.2082906290408255 0.0180281941082295 0.0345399958521792 0.0 1.4392856462462411 1.3182240606607398 12.178386723215905 12.191680292713654 549.8795282319455 919.1845500299344 0.4405443278847699 0.6631384375354594 0.1134709641190926 3.5650160078951214 -0.1916180817415016 2217230239.699425 4 0.4405443278847699 -2.341626522043981 0.1836284535789051 0.3452734714109848 -0.7675537175902395 -1.3307409677490774 0.1246104056739295 0.232304226879563 0.5795233777815713 0.062120058 69906.38725346557 0.0909826071457512 430.3618239922296 4 False 0.1260276795169697 51.78393478725495 -1.2465877083811252 True 141.113 1.1988872101867343 0.9158877281231571 0.08922293012419891
5 5 0.1859315193956661 933.5966651520488 1.3840533326017812 1.3210135312480653 0.0018272035508617 0.0 0.0037416026876538 1.6413924716570656 1.5666315842552525 12.165093153718155 12.178386723215905 411.153155186712 545.5612829319878 2.896290628927912 5.295423444544412 2.3772798831926365 3.186113917860092 0.809313929643364 2222384968.7898874 3 0.2453020246618811 -2.2726825285170174 0.2026253369553175 0.2911385825524079 -0.7662655004048942 -1.2054160458500838 0.0631859447107096 0.3286483804882121 0.6747558381637065 0.013884742 69966.04846979036 0.1859315193956661 933.5966651520488 3 False 0.1137390676155067 51.9409113251049 -2.8779931138793327 True 56.855 1.3959185091751456 0.9544527657505714 0.18483444719554787
6 6 0.3118866438722644 1676.4729582063676 1.3139099657519064 1.2079638482844652 0.0033004246049936 0.006334722015577 0.0 1.7237009353205903 1.584711638844932 12.178654422024438 12.191680292713654 563.9163662098997 920.5997189836124 0.684374875018785 4.984962811063911 0.631616026987864 4.395211494767987 0.6704511970996195 2227748950.5787435 4 0.684374875018785 -2.353282943339104 0.1830431927082419 0.1643607298134197 -0.7683140935608807 -1.1420395947915392 0.0600582176788725 0.2474833195831367 0.576209292205306 0.016898602 70028.13159234657 0.3118866438722644 1676.4729582063676 4 False 0.0597255634809233 52.29107634114646 -1.0611878311264555 False 20.374 1.4385447168127181 0.91936577069281 0.31150047997075436
7 7 0.2568893910754447 1342.2475005590777 1.379868890747237 1.328603593174986 0.0153103195725679 0.0300518256193893 0.0 1.734342569855244 1.669907761206356 12.166570216995686 12.176909659938378 419.2944264443562 527.5595804166405 0.3844618802327643 3.24178157692182 2.6611556432359373 5.304463387840105 -0.701766979002558 2227218798.62994 3 0.3844618802327643 -2.277271677289586 0.2029808994775838 0.2308921652105092 -0.7632999991528909 -1.628008933090055 0.1149613757346191 0.3421940350274395 0.676483786144583 0.05584804 70021.99557442061 0.2568893910754447 1342.2475005590777 3 True 0.2276332528694904 51.53237577259369 -0.6230443008988189 True 27.332 1.4814674801864778 0.9628477039260669 0.2595535598351819
8 8 0.1674441841880073 831.5592468056884 1.3541684949510062 1.2768963248870844 0.0082215523657559 0.0159739628226838 0.0 1.580916133841179 1.490705188300467 12.171001406828267 12.18429497632602 470.5733280068237 667.539133939544 0.7741759226049919 5.949483134626083 0.8045122495173392 3.607113450176607 0.6827859074305802 2228257538.964263 3 0.7741759226049919 -2.2938661882132223 0.1947299414642147 0.1994937391718505 -0.7686584759038414 -0.9806224516944474 0.0941131711855811 0.3299913920094349 0.6394838264215983 0.013451488 70034.01803199378 0.1674441841880073 831.5592468056884 3 False 0.0565844838442627 52.28207123548793 -3.39851618486326 False 34.481 1.3363087804984906 0.9429375514553545 0.16586411565633452
9 9 0.4005667433867061 2244.8023167271194 1.416194909381738 1.3355814446987255 0.0066466752570451 0.0 0.013694532728189 1.983475492233612 1.8705709545294065 12.156395423341396 12.175432596660851 356.2206071349064 510.7201489504316 0.1216394601303898 2.1833286743500264 0.4302181181289189 2.202025797825437 -0.1609658997615115 2236642642.126836 2 0.1216394601303898 -2.254425660410925 0.2076640102007987 0.1865683338369991 -0.7694230363280428 -1.040209755185772 0.13837416584347 0.2771447327332911 0.6937885624367479 0.050713107 70131.06783711615 0.4005667433867061 2244.8023167271194 2 True 0.1295470260227428 51.72335369803754 -4.481771376781659 True 30.887 1.6767071885509537 0.9430774223597477 0.39497007768954995
10 10 0.1231121155939587 594.7588422666769 1.4224997742906471 1.2651723182293746 0.0034991141456586 0.0066112287733181 0.0 1.5976267309354977 1.4209303589175062 12.156230774052991 12.185772039603544 347.20844681498005 704.3549302469368 2.558249472706044 1.1849098790340369 1.680431710238342 5.636903986070277 -0.1595157170469043 2236756419.2621512 4 0.5833431808837493 -2.1987797966176275 0.2007992055429981 0.3243341922738683 -0.7551211738263266 -1.1231448931318289 0.120347241082573 0.2519379123542825 0.6621757946852546 0.03868778 70132.38470210823 0.1231121155939587 594.7588422666769 4 False 0.3491376432552612 50.92351665664921 -0.6352722765595367 False 71.7 1.3112001437961776 0.8894007163271949 0.1230369703822689
11 11 0.112183951508972 538.1464738766284 1.403133189961154 1.3436584176915336 0.0083927604325203 0.0 0.0171570122417666 1.5605422157043851 1.4943953284664626 12.160661963885577 12.173955533383324 377.30816593700433 492.92644122019146 1.423421472323522 5.116774151518731 0.0429230221668873 2.5436532563962047 -0.7018282823561744 2212344293.4202056 3 1.423421472323522 -2.2663366136887007 0.2070983057347289 0.2682884822738933 -0.7656121601118206 -1.8460763340715216 0.1269853041467346 0.3363036921109121 0.6923867503486033 0.30203018 69849.83694930794 0.112183951508972 538.1464738766284 3 True 0.0783146652213757 52.505929804130375 -4.106288090521461 False 18.013 1.329364713080102 0.9576128818738392 0.11294902331333345
12 12 0.3847724660789315 2141.064234606425 1.386668223732936 1.3749903465158848 0.0204765245176267 0.0407806052343095 0.0 1.9202199758119487 1.9040487729795263 12.165093153718155 12.166570216995686 405.7616361907911 427.9854072589769 2.5902184591412523 3.649782224077575 0.0243714402350741 1.5272022721528278 0.5559499334197248 2234948329.7081933 3 0.5513741944485411 -2.2782525404629297 0.2086771070200005 0.3298233266937783 -0.7490803328516032 -1.2358052423435604 0.0568835237926817 0.2368098627943989 0.6990588592241681 0.48452222 70111.45773967817 0.3847724660789315 2141.064234606425 3 True 0.3569928175494424 51.03794815549561 -2.2414415007930617 True 18.598 1.664591797896042 0.991578463386423 0.3809556282079065
13 13 0.2015416519188576 1021.213050995796 1.344945608647883 1.2925644018459903 0.0159328207074895 0.0312451104648424 0.0 1.616008168355791 1.5530699666055414 12.173955533383324 12.182817913048488 490.54371013575286 621.2577063501572 2.909035715292783 1.633021532146868 2.980252875321697 6.095641892961814 -0.7112333392616429 2228853120.290215 3 0.2325569382970101 -2.305011662261794 0.1954029877354258 0.3049917985899785 -0.7635938337892506 -0.9857220114947924 0.08738906334388 0.2461424682972987 0.6435109918529315 0.015557873 70040.9113343775 0.2015416519188576 1021.213050995796 3 False 0.3507119482544975 50.72163928302702 -3.4128292146755657 False 37.071 1.3790949062911861 0.9610532898393168 0.20199963513835373
14 14 0.1817147506490954 910.1566894703392 1.333092458597608 1.248085186631358 0.0096288032929086 0.0186436069378926 0.0 1.575335022303862 1.474880675108905 12.175432596660851 12.1887261661586 516.7233471860216 763.4829033494212 0.7162273653406891 2.0627990517605306 3.1018433074703595 5.974225103974325 -0.7638428636994972 2239967169.8968983 3 0.7162273653406891 -2.320523564807889 0.1893896061948409 0.226825250690376 -0.7693383413383853 -1.033417176228851 0.0647434642823903 0.2000140827030178 0.6126667421515447 0.012222869 70169.54616778817 0.1817147506490954 910.1566894703392 3 False 0.0444108086038814 52.48408570932733 -3.2625344742079685 False 32.111 1.326819292481665 0.9362330261355792 0.1834649448055874
15 15 0.0919590307963652 435.2657504374426 1.3331940843837535 1.3009046564505882 0.0070736842011469 0.0139760465978317 0.0 1.455793320247131 1.4205345878162623 12.175432596660851 12.181340849770962 516.3036006811192 597.9738757269624 2.2111567545985413 3.624136321721806 0.0749194349330524 1.2502124995703845 0.3888115962838328 2233778552.068371 3 0.9304358989912518 -2.31473865848527 0.1950543407322995 0.2050024247348426 -0.7569208530491128 -1.0848726819194754 0.1162669245820794 0.260139947811761 0.6423079885063784 0.4792832 70097.91864662466 0.0919590307963652 435.2657504374426 3 False 0.2060543147938716 51.32563973757996 -2.967218050952603 True 83.534 1.2518815586563328 0.9757803996346932 0.0921711044280562
16 16 0.3980331551205867 2228.09071532403 1.4061063287191635 1.3275918785060692 0.0153187902642664 0.0 0.0315435414755688 1.965783267174277 1.8560174626203063 12.160661963885577 12.176909659938378 372.3611253836383 530.1544092810155 0.1751180985975357 3.5286098508328787 0.8322648667619211 1.9702487419268493 1.0239026358498773 2216131692.1331134 2 0.1751180985975357 -2.257917546952753 0.2056969260329616 0.2534402836162016 -0.7690523289549677 -1.220993676564473 0.0723471766149413 0.396221395574052 0.6864518978208138 0.050124053 69893.67258255919 0.3980331551205867 2228.09071532403 2 True 0.3615332289640905 51.00391719414317 -0.1086655734723747 True 49.445 1.662711909136575 0.9441617972912375 0.4016827867862758
17 17 0.135612245490427 660.3792790578775 1.3998716425772182 1.3285167067764223 0.0387681816656471 0.0 0.0796186112245692 1.5897113794254871 1.50867984055392 12.162139027163102 12.176909659938378 383.45047423004473 527.6009711813106 1.210095347348531 5.579129544442316 2.4012348975548816 4.727051229768162 -0.525371235336775 2232734370.6089435 2 1.210095347348531 -2.26299996017282 0.2051210065287955 0.1780960531586312 -0.767964828045217 -1.152057532778244 0.0529161127680251 0.240547238843326 0.684446672323195 0.62595606 70085.83321306648 0.135612245490427 660.3792790578775 2 True 0.0468070745699639 52.70497151540686 -2.0260112486962805 True 30.142 1.348099574004349 0.9490275153588876 0.1361264473278465
18 18 0.1017627996476664 484.8263702662004 1.3804578361419122 1.3735023659138048 0.0048661192739729 0.0097077204881759 0.0 1.5209370903432728 1.5132738119918872 12.166570216995686 12.168047280273212 417.1222463346178 431.50943799264354 0.8087943444908596 1.5396522985441643 0.0354994392513132 1.3726099162841152 0.5034079048422394 2227993220.9756126 2 0.8087943444908596 -2.27932216153544 0.2078372598979849 0.2287468610256744 -0.7468997428985914 -1.178384647218498 0.0689376345518678 0.2028200784720329 0.6959934923544522 0.5569082 70030.95879601403 0.1017627996476664 484.8263702662004 2 True 0.0381603273469816 52.96352050147812 -3.4232220241930627 True 56.287 1.3207119503486149 0.9949614757901287 0.10263683266992718
19 19 0.3627955630182157 1998.493557417028 1.3499987469762345 1.2848511910012974 0.0034754241732849 0.0067831330865573 0.0 1.8397723024593635 1.7509895022352382 12.172478470105794 12.18429497632602 478.2320162205742 643.4251219994184 0.1962198039941517 4.317104448076327 1.6214963302175611 1.1760841779982916 0.0715301398435467 2239115119.255545 3 0.1962198039941517 -2.299656329011415 0.1951184386291014 0.3493542569283848 -0.766687586178708 -1.2235539740813572 0.0586100880592331 0.3098211980913088 0.6419252436715592 0.32344726 70159.68447055029 0.3627955630182157 1998.493557417028 3 False 0.3235412868903891 50.99017696928105 -1.9055643233463293 False 20.179 1.5623964799516787 0.9517425063387233 0.35924998570967026
20 20 0.2825677652063561 1496.4731160721428 1.3491303254556906 1.2518831662076724 0.0090671439525504 0.0174807157666342 0.0 1.730351066491829 1.6056249947824317 12.172478470105794 12.187249102881072 481.0495458765254 749.3273292262171 2.357745173475548 2.183699790190006 1.2159404429609308 2.385865643706 -0.4937667487123048 2233707047.634541 3 0.7838474801142452 -2.295929604191717 0.1915034824174054 0.2656613346650154 -0.7694827950120905 -1.0264000486286038 0.0647554055606659 0.3712714549154534 0.6229664589481791 0.16599375 70097.0910490109 0.2825677652063561 1496.4731160721428 3 False 0.1355006798817623 51.56996807735783 -3.744622269532544 False 20.714 1.4508496924228937 0.9279186321638933 0.27783543212225803
21 21 0.0677077660982887 315.21485217600843 1.309638106130235 1.214252791007124 0.0066541461790048 0.0128236486788219 0.0 1.3983107766935066 1.296467134964829 12.179863786493437 12.191680292713654 574.5797328956075 894.4233480983619 1.6066514568363373 3.1820836128183827 2.030427816344913 4.685044715353709 0.829547585661332 2215461135.708808 4 1.534941196753456 -2.36300193085112 0.1832706407573844 0.3022087662096746 -0.7693048367211941 -1.1368959288516371 0.134583450311131 0.2430933155293767 0.5780960634704567 0.039590515 69885.91151283342 0.0677077660982887 315.21485217600843 4 False 0.2632864315053548 51.03846609662623 -2.4956385861530666 True 46.892 1.171964709454465 0.9271666617849427 0.06785975371541442
22 22 0.0683506011163368 318.34968768610224 1.411412694827477 1.2960696141286383 0.0121453709035856 0.0 0.0253716131438483 1.507883600942164 1.3846567513429495 12.159030716463826 12.181340849770962 364.492744490476 611.1445494270384 1.882172137988496 2.786611942884909 0.9267662253262796 1.2403518998878216 0.5528783360768296 2234809185.791789 3 1.2594205156012972 -2.235648111224239 0.2029161879558023 0.2838630691281927 -0.7686535143508354 -1.1418608997349846 0.0536494002049034 0.2517675315859535 0.6736821414462212 1.6201366 70109.84727768274 0.0683506011163368 318.34968768610224 3 False 0.0715844117626486 52.30173590158351 -3.252970741327201 False 77.609 1.257679789823561 0.9182782745815267 0.06687210908770913
23 23 0.2690911850119842 1415.126246319996 1.4297777997045962 1.3374901011666565 0.0008009407198411 0.0015501832137658 0.0 1.8145184021309333 1.6973968974313909 12.153276647497934 12.175432596660851 336.0293402250017 506.6178011134475 2.7005494695525085 0.3935884564683253 0.8349435935458839 3.824811070161711 0.1960324934601448 2221028955.0238576 3 0.4410431840372847 -2.2458596676529035 0.2093351072680184 0.1767152248504835 -0.7704617810980555 -1.2933870423419536 0.074492728621082 0.2845104565847041 0.6994534973160137 0.023623576 69950.35386601687 0.2690911850119842 1415.126246319996 3 True 0.3207316386234703 51.15936509084919 -4.628523564399332 True 42.15 1.527629589972463 0.935453118269841 0.2707598156476989
24 24 0.0723532636158672 337.9274852729214 1.3526332153065426 1.3464468694574714 0.0143544693829818 0.0 0.0287748913958798 1.450500642909195 1.443866694748087 12.172478470105794 12.173955533383324 473.76913053583377 486.3818512821504 2.3096716591894983 2.9601303146943865 2.164211472834326 4.138133395669911 0.9329260693231738 2210538698.4750824 4 0.8319209944002949 -2.290784777769194 0.2019642665055618 0.197400834544605 -0.74602304369391 -1.0908081426088247 0.0636850996179538 0.3007030045859363 0.6729793198337187 0.013431398 69828.9388596653 0.0723532636158672 337.9274852729214 4 False 0.09130744281584 52.11893308151223 -1.110415430734082 True 97.299 1.2598425870339072 0.9954264424538257 0.07243462178667204
25 25 0.1440142307923393 704.9981486492375 1.331831855776176 1.2269294324986493 0.0053324500260698 0.0102448868745639 0.0 1.523634596030516 1.4036247309564236 12.175432596660851 12.190203229436127 519.4006560853721 842.0097899292697 2.3778873147940978 3.9991402056377288 0.5783374496661762 6.251048956092814 -0.5920702160131024 2230253357.453552 3 0.7637053387956955 -2.31975990968178 0.18698095102192 0.2715309579605317 -0.7686916260372724 -0.9702467722766108 0.1236051573646696 0.3909811899072254 0.598858814417932 0.010228317 70057.11778302722 0.1440142307923393 704.9981486492375 3 False 0.333812069758538 50.6608399893201 -1.241928277359766 True 40.458 1.2728782406270744 0.9212344840509983 0.14157758195238968
26 26 0.2013459213045155 1020.1062994253408 1.5879919503249065 1.3320998193372675 0.0065013346506251 0.0119550315108496 0.0 1.907727652587229 1.6003126847313085 12.089762926564244 12.175432596660851 168.1207308126872 519.0516313573829 3.024207290902706 5.451057146621383 1.1476217405527418 5.352117378657838 -0.7950979951126449 2213981127.434321 1 0.1173853626870871 -3.3637994986991213 0.2315206896136179 0.3163820457435417 -1.806184878852504 -2.658515778987854 0.054376321456487 0.3468937911823055 0.7425872161502244 0.041706007 69868.78178743427 0.2013459213045155 1020.1062994253408 1 True 0.1281815664888241 51.045586046324686 -3.7150271378013233 True 101.441 1.5199168084931622 0.8388580427405299 0.20275929469171738
27 27 0.0877079561642936 413.9581841279587 1.4038716648992955 1.348965603220901 0.009630340447392 0.0 0.0196526583220261 1.5270023793445768 1.4672806192153396 12.160661963885577 12.172478470105794 376.0391839796605 481.6328374741551 2.0066587317733724 4.066884565957759 1.7449270192761976 3.627816335179617 -0.2356283414585586 2209208013.550303 2 1.1349339218164207 -2.2676948475358474 0.2077468106540143 0.1686786381314969 -0.7644974090939306 -1.0689662099479171 0.0977600309148573 0.3520293481636017 0.6949099864205909 0.08087474 69813.53741377665 0.0877079561642936 413.9581841279587 2 True 0.0729862479390217 52.30890338542088 -0.2275527095208147 True 47.773 1.303026259660357 0.9608895435023022 0.08757134676089495
28 28 0.0719242570451448 335.82431554056683 1.4005025080822158 1.2500983346477303 0.0057004858268431 0.0107887793484148 0.0 1.501232610465891 1.340010728600641 12.160661963885577 12.187249102881072 382.5020051695888 755.767505627665 1.077699553171082 3.8228251753139855 1.857276159611069 4.924596265037411 -0.660939661235956 2217920556.761607 3 1.077699553171082 -2.2173791713308715 0.196804288588649 0.1767422990705889 -0.7572020818051262 -0.8873057053080525 0.1309449353902039 0.3680813923990171 0.645083598572286 0.097770624 69914.37703427786 0.0719242570451448 335.82431554056683 3 False 0.3475064437420015 50.548604964652405 -3.816928510559287 True 68.906 1.234332241156467 0.8926069945847922 0.07152147626566863
29 29 0.0816385578363912 383.7297531656311 1.343488494823703 1.271403506613172 0.0234635729674512 0.0456682059534644 0.0 1.453168958010894 1.375199055321202 12.173955533383324 12.185772039603544 493.5411187246919 684.9508288568852 1.89435326479944 3.272233270031903 2.1268143351255984 4.34838451353118 0.1121981906335984 2229878438.9838014 3 1.2472393887903532 -2.306877305229896 0.1929888212609344 0.2500405663593337 -0.7679546706875455 -1.1207436442031793 0.1155823004193528 0.3811494022042082 0.6313826329093561 0.069487944 70052.77844888659 0.0816385578363912 383.7297531656311 3 False 0.0910331581750266 52.0399958105864 -1.9870767434527807 False 86.444 1.2305572487805505 0.9463449158751521 0.08124810049950248
30 30 0.0666199773009747 309.91610027734936 1.412947804491087 1.369626595564639 0.0114330248177876 0.0 0.0232276755403267 1.5070783551537454 1.4608710882719669 12.157707837330518 12.168047280273212 361.7192451278696 439.1514043508036 2.162118531759288 3.982602021907108 1.6305245230114331 1.2058203525476157 -0.603981625670523 2215284978.09957 3 0.9794741218305052 -2.2706114124918857 0.2109433898711106 0.2258956432222773 -0.7613755848808763 -1.193590168927828 0.064449949123058 0.3378858063411171 0.7066807975684032 0.021267435 69883.8726516154 0.0666199773009747 309.91610027734936 3 True 0.07249450008025 52.4296521095652 -1.118362546600313 True 78.571 1.2916871413286009 0.9693398377570988 0.06637720498600364
31 31 0.3540058159033648 1942.061762241691 1.356782422548453 1.1772134985223877 0.0105228219348229 0.0196529579229891 0.0 1.837091291046062 1.59395392355926 12.171001406828267 12.194634419268713 464.4120225713408 1065.6190887462133 0.6071401319317687 3.535151305225688 1.512987920579422 5.616681781052535 -0.3968312853863975 2237229682.578487 4 0.6071401319317687 -2.2419465441995547 0.1841109503802641 0.3045248822200743 -0.735005013237662 -0.8575332471733261 0.1428491039307544 0.2019227425671634 0.5777354163303167 0.04895355 70137.86228678805 0.3540058159033648 1942.061762241691 4 False 0.0983249225074077 51.47818551770581 -0.3396212840372357 False 17.724 1.4889448523150224 0.8676509062604305 0.35625829262596165
32 32 0.2569642595029299 1342.6924089883564 1.3613010027645565 1.3433175911595665 0.0075545318500742 0.0 0.0152101985744603 1.7111067069005466 1.688502201249144 12.16952434355074 12.173955533383324 454.7527414129823 494.0624510087569 2.234335269134359 5.699373695069977 1.5447173190005945 6.258169731878994 -0.4067274454234265 2223280040.302339 3 0.9072573844554342 -2.2879007570749965 0.2025773843419747 0.3321137331162306 -0.7512879763093553 -1.061342208467525 0.1394346950984922 0.3268808037449198 0.6753559892879331 0.022143856 69976.40809377708 0.2569642595029299 1342.6924089883564 3 False 0.0982369092890043 52.00502254231614 -3.129931069404275 False 19.342 1.4797264713273837 0.9867895406170503 0.25793317549240946
33 33 0.0876837569886576 413.8372092907154 1.5717348659212311 1.293562638676389 0.0459544289050086 0.0837756502840912 0.0 1.7095504839552689 1.4069870707356964 12.098355336473638 12.182817913048488 180.6839347398032 618.9470447417383 0.9802656998661382 3.5995518492206107 1.5795815521045626 5.635718204670869 -0.5421374184769566 2233897432.773566 1 0.9802656998661382 -3.2882829563096063 0.225749778298788 0.2849492200634465 -1.4341845990004074 -1.91922244906118 0.06545666776422 0.3011850644098099 0.7222238230259918 0.040554594 70099.29458071257 0.0876837569886576 413.8372092907154 1 True 0.2956759213338914 50.60037779515486 -2.4839617001990173 True 144.663 1.3488658179133435 0.8230158067519876 0.0859247780414274
34 34 0.1491812770481661 732.6400959715531 1.4004793542754586 1.344376840336182 0.0115176636651427 0.022573935390198 0.0 1.6094046528258623 1.5449326942115122 12.160661963885577 12.173955533383324 382.5673411695295 490.6263963771661 2.171214884823318 2.285202651421096 1.0177303279088652 4.734941489814459 -0.6790347279399245 2213067503.373807 2 0.9703777687664752 -2.2681245699351016 0.2068950863007703 0.244896369324459 -0.7647605099201953 -0.8863268564702718 0.0682568719610987 0.2825922920968975 0.6916742713366535 0.16854565 69858.20743488203 0.1491812770481661 732.6400959715531 2 False 0.088601420155604 51.79625441675436 -0.3033422290634266 False 33.528 1.3726608975354522 0.9599404919694078 0.14918608116239285
35 35 0.6520467889653631 4024.1730108837646 1.3662125046878582 1.3622998739490186 0.0084407620495046 0.0168573510037251 0.0 2.257046981413902 2.250583132365396 12.16952434355074 12.16952434355074 445.3561825677474 453.5377879893433 0.1018010822420979 4.463445655042398 3.0163147416182423 0.1746509888503048 0.064297112231541 2223458252.2840834 2 0.1018010822420979 -2.283366252873287 0.2051254264984393 0.2651587885159722 -0.7452305360182052 -1.2113576593743811 0.1166420684105015 0.3319477170470521 0.6855885514306075 0.024439668 69978.47073245466 0.6520467889653631 4024.1730108837646 2 True 0.18753506890544 51.59481565345924 -3.089386181664395 True 13.101 1.9620575465926129 0.997136147762216 0.6518673434975903
36 36 0.2547209158652795 1329.3734639505474 1.4761513818399792 1.2547373742571153 0.0215625801899302 0.0398909004303637 0.0 1.8521580137780564 1.5743452273982836 12.138506014722658 12.187249102881072 273.43287628678314 739.0919582161426 0.6520327112183117 6.062009100484796 2.689472913824793 0.696649176224319 -0.3880224643008667 2227599874.2126102 2 0.6520327112183117 -2.117118950050085 0.2056323724279481 0.2517050651909049 -0.7139111261859529 -1.031519188893705 0.0681966818540637 0.2313309085393183 0.6759510498274187 0.021554785 70026.40617144224 0.2547209158652795 1329.3734639505474 2 False 0.1469448145556146 51.66734106277915 -4.583573159954531 True 24.874 1.4855818157624847 0.8500058934965885 0.25411187975875205
37 37 0.1704529548015539 848.0363010714874 1.3477083353636452 1.2976234413099963 0.0064281869023145 0.0126174830509611 0.0 1.577429203337062 1.518807191101046 12.172478470105794 12.181340849770962 483.587106892026 606.78532655843 2.828137121369373 5.425291760584845 3.130435351383072 0.2505599170573296 -0.1820131113977954 2212264746.001283 3 0.31345553222042 -2.301902336559152 0.1962558890395538 0.1774728353475679 -0.7629263850177089 -1.2115140730268337 0.0546290345634266 0.2032651998331679 0.6475129425033592 0.03581773 69848.91626158892 0.1704529548015539 848.0363010714874 3 False 0.11261953833203 51.91586669855937 -1.38024254217341 True 50.858 1.347425278308213 0.9628369931835921 0.17088134897498253
38 38 0.1752035960777076 874.1552210458804 1.395594359798349 1.3126984069628158 0.0135346979211666 0.0 0.0279241022048649 1.6401075103007858 1.5426878884281792 12.162139027163102 12.179863786493437 390.6532851116712 566.4711054914219 0.8546799811208569 6.11906657420779 2.33888876477467 0.9349422836644156 0.4824521574561042 2232293293.7211647 3 0.8546799811208569 -2.2602560064309785 0.2029821859044015 0.3184631107048915 -0.7694077788271659 -1.0111641159705334 0.0707582661439157 0.3110407060779461 0.6755092621687976 0.18325222 70080.72815649497 0.1752035960777076 874.1552210458804 3 False 0.4351124527287394 50.62144311070848 -2.049689133072897 False 32.645 1.3846132652024326 0.9406016854012573 0.17589347630452257
39 39 0.4275819794691618 2424.6471993163364 1.3286455860821476 1.3028263948873993 0.0119492993895867 0.0236663914480275 0.0 1.8967504957921169 1.8598914837180247 12.176909659938378 12.181340849770962 527.5395759214966 592.5342692502705 0.344839631384927 1.1009531557026435 1.226561101793591 6.267957207322783 -0.6642053337437924 2220752580.7125034 3 0.344839631384927 -2.318065775373623 0.1947648631737419 0.3414048910295054 -0.7543689363916991 -1.1137261798431353 0.1347102402076877 0.2859423019845016 0.6410638198084511 0.011492317 69947.15508926508 0.4275819794691618 2424.6471993163364 3 False 0.2540449512407333 51.18274090697677 -0.5189739895047358 False 18.18 1.635078943674948 0.9805672848612073 0.4278005304503343
40 40 0.1853421626038434 930.3147112008644 1.4583794215734005 1.3295500418514865 0.003208754884389 0.0061340568515739 0.0 1.7286786174647566 1.5759717218982716 12.144414267832769 12.176909659938378 295.2258158518894 525.0376178601564 2.7849684112893685 0.9564941077342634 0.0872148294271332 4.835680752202255 0.5785767733441183 2233746788.9925427 3 0.3566242423004248 -2.217360210928379 0.2116403530577059 0.212683103231156 -0.7676096298150665 -1.0646682240225678 0.1054672631913008 0.2213995711301941 0.7058565234312008 0.0802307 70097.5510184322 0.1853421626038434 930.3147112008644 3 True 0.0675818185080556 52.377749244821786 -4.842495316910486 True 90.777 1.4365888970228218 0.9116626456625919 0.184169467121988
41 41 0.1318828258967365 640.7055723926397 1.343787312946807 1.3346987740325835 0.0097439193932137 0.0 0.0195541893310635 1.521009781182414 1.5107226200729105 12.173955533383324 12.175432596660851 492.416124950341 513.4152709271355 0.341443685686393 4.506863629347384 2.500514356168892 3.2248182563311136 -0.6095432151263691 2227383156.1852183 3 0.341443685686393 -2.2977870090795185 0.1997787583156414 0.2011540300139353 -0.7472264180571233 -0.9217220816841254 0.1230899611309729 0.2391571072978864 0.6637210813228532 0.06516991 70023.89786094002 0.1318828258967365 640.7055723926397 3 False 0.3236240836432173 50.79799486360908 -2.7284132707489315 True 86.349 1.3196290585827866 0.993236623960757 0.13115546647076703
42 42 0.3910455712334751 2182.1402732859315 1.3658301001715831 1.2307311928390436 0.0148557074971379 0.0282419863660276 0.0 1.8999319119010547 1.712003175177644 12.16952434355074 12.190203229436127 446.6398027958887 827.6802696893204 0.2182727864898672 1.0464969322779605 0.2436307828683545 1.2915834633670495 -0.0956224870279364 2215462100.6601825 3 0.2182727864898672 -2.260037658187578 0.1909700951147169 0.2001864004104616 -0.7620437391435612 -0.9958204629691364 0.0917850658390508 0.2400004704112005 0.6181633931312968 0.026699018 69885.92268125211 0.3910455712334751 2182.1402732859315 3 False 0.0859983948663333 51.93052355530354 -4.988697253511022 True 17.605 1.5696310260006987 0.9010865939214786 0.39553969966870217
43 43 0.0685065253159667 319.1104567151908 1.3554402061052335 1.1697338115856404 0.0276413741023416 0.051495653871055 0.0 1.4482967048990607 1.2498682105619745 12.171001406828267 12.194634419268713 466.6549792957479 1103.8893441083735 2.118471657781483 2.547521635544898 2.4377957737734297 4.855392531416405 -0.0031241296835877 2235548645.2378874 4 1.02312099580831 -2.2388687841986625 0.1831367997881785 0.2559991051140219 -0.7297503141133194 -1.037755902270539 0.09258226059871 0.3615867580180713 0.5715816674565563 2.2695477 70118.40583608666 0.0685065253159667 319.1104567151908 4 False 0.124247211465692 51.6030358512937 -1.3485201106241878 False 67.52 1.1706292211768141 0.8629918208983872 0.06873138949095803
44 44 0.238179028583949 1231.9486691704085 1.48448294807507 1.2590630127987112 0.0037849240109705 0.0069951042522768 0.0 1.838055654597027 1.5589454181130886 12.1355518881676 12.187249102881072 264.26189985756065 724.5731611760991 2.2199010034921214 5.382092023032941 2.577953955650477 3.1306476311389466 0.656296745485093 2216113603.8822327 2 0.9216916500976716 -2.111779004001485 0.2070378930413501 0.2375345489863328 -0.7114551535959192 -1.1292232183678446 0.0854537624830176 0.3251845968834448 0.6808895373390106 0.015981337 69893.46322780362 0.238179028583949 1231.9486691704085 2 True 0.0502764183104571 52.73887516654951 -1.7784174445966046 True 20.251 1.4726332550778989 0.8481491918996706 0.2411967094110563
45 45 0.0677686218287043 315.5115083102442 1.4184060162894 1.3379979099354655 0.004578998392054 0.0 0.0094331755321231 1.5145294372068754 1.4286721843014791 12.156230774052991 12.175432596660851 352.910793644384 506.1281747068808 1.8235100151085968 2.556896702806037 0.6346027577128861 2.626525788682262 0.9217565163149132 2215938634.43001 2 1.3180826384811966 -2.254148413546424 0.2081514375378225 0.3347494714597838 -0.7694355320999667 -1.1361413703484806 0.0920296418315127 0.3048441316463802 0.69558000320581 0.0078058983 69891.43811840289 0.0677686218287043 315.5115083102442 2 True 0.0910112637165233 52.13304805204933 -4.165210886590049 True 43.698 1.2804486957441619 0.9433109381724955 0.06713325213259691
46 46 0.1031542637844222 491.9079409904221 1.2679857108796924 1.1944326042069449 0.0060807130840393 0.0 0.0125358762094969 1.3987838433746544 1.3176434201340226 12.185772039603544 12.193157355991184 695.1935893555167 982.2429102093134 0.8338556628526793 3.535220398785337 1.6666487748719383 4.954700933507716 0.6794493051159816 2226651656.7899594 4 0.8338556628526793 -2.4705389740262502 0.1767975505358664 0.3225788803143389 -0.7685159069293825 -1.199368378250102 0.1238940200060584 0.2233690734447904 0.5376837720217978 0.07923883 70015.43143275417 0.1031542637844222 491.9079409904221 4 False 0.1155909927939619 51.67496243849754 -0.7452270398529368 False 47.071 1.1817605466862795 0.9419921643898349 0.10238972550778835
47 47 0.4124992944815885 2323.869141154815 1.6597927613541168 1.2047116675941612 0.0047781918248153 0.0082463015644082 0.0 2.344456104398337 1.7016543805304905 12.04692809151594 12.191680292713654 122.28101398038388 935.4482653681744 0.4892145753340363 1.6749007572012016 2.1208326503765287 0.0637332802504616 -0.8897211101206423 2235715988.4175134 1 0.4892145753340363 -3.208080553857531 0.2153511933146477 0.2034330623593893 -1.0 -1.5074143997636216 0.086907542844355 0.2266938486067201 0.6974766511233645 0.014791197 70120.34267844344 0.4124992944815885 2323.869141154815 1 True 0.4029346520068066 50.72853462149829 -2.5298074386973264 True 48.035 1.734365115121255 0.7258205335293277 0.4146664014778805
48 48 0.4373193150117019 2490.198579442529 1.365126112825277 1.2088546485155045 0.0107520500044568 0.0 0.0228940426298828 1.9621221293906144 1.7375101353530165 12.16952434355074 12.191680292713654 446.9903405746657 917.421097873612 2.808646975295662 0.0756915412653614 0.7913809066626692 1.7082529756049143 -0.3188824796246988 2218531588.1237125 4 0.3329456782941312 -2.247742668096437 0.1885071235830656 0.1628275087921769 -0.7518873274473683 -1.3092961704599084 0.0525884530186548 0.2694500378601765 0.6039504664502184 0.20709899 69921.44915652445 0.4373193150117019 2490.198579442529 4 False 0.4000047097058775 50.8190262848516 -4.361042990154271 True 16.74 1.6067944310644928 0.8855259870559858 0.43700713624612564
49 49 0.1327284186110662 645.1591888189864 1.3747691390679078 1.2492964949431131 0.0057464045656417 0.0109683453834641 0.0 1.5572400728516882 1.4151136430932607 12.166919696776525 12.1887261661586 427.98880674907457 759.3093185465848 2.0650464417153582 0.0175028528557901 1.994652517848156 3.881219291113276 -0.2490911021751505 2230972250.098377 3 1.0765462118744349 -2.2556711434811723 0.1939406323863594 0.2380909389510394 -0.7654957823950578 -0.9040849677454724 0.0967397169993798 0.3380785641652887 0.6334851216177708 0.0771457 70065.43829974973 0.1327284186110662 645.1591888189864 3 False 0.06354974321726 51.97227523044582 -0.1183131489429554 True 34.327 1.2920164269376375 0.9087318440899359 0.13276466423397304
50 50 0.0918217847984525 434.5761019352179 1.3190249330680246 1.2270532319573662 0.0103649810313609 0.0200072426405676 0.0 1.4401401566159902 1.3397234497584012 12.178386723215905 12.190203229436127 550.8720783297588 841.438935772161 2.5946476765436413 4.711290757372219 1.548481826061733 3.7299850635548792 0.8154428148599414 2212454922.1235294 3 0.546944977046152 -2.3440801790440124 0.185641737730754 0.2580966454703666 -0.7694557654331048 -1.7239466731090607 0.1200377889018907 0.2325877281101279 0.5920006484487318 0.008539719 69851.11737411493 0.0918217847984525 434.5761019352179 3 False 0.0822810883437836 52.244126166261466 -1.588736823375001 True 181.106 1.209058331535868 0.9302729623944755 0.09015905909349398
51 51 0.2361302800990527 1219.9795726421455 1.4000156472133298 1.3211795422851522 0.0078623365942111 0.0 0.0161938266780758 1.73060173413287 1.6331500376660837 12.162139027163102 12.178386723215905 383.3799576741075 545.0295143856987 2.2579436886937883 1.8116915883593865 2.2597166214125144 5.928724351281723 -0.727892863796756 2222731393.99058 2 0.883648964896005 -2.2599639460135306 0.2043512668081719 0.2147672075730515 -0.7690277287208102 -1.129150619379323 0.1028455276997236 0.3519265236390411 0.6811789769572112 0.015495366 69970.0580207243 0.2361302800990527 1219.9795726421455 2 False 0.2380773368264129 51.27487621187651 -4.400469475237711 False 23.219 1.463420532086608 0.9436891258429165 0.23491506956086106
52 52 0.3152606157152389 1697.447988108426 1.3373071020194849 1.2797694682134149 0.0212713030615235 0.041627408376558 0.0 1.7589073624025096 1.68323037873594 12.175432596660851 12.18429497632602 506.5708620366877 659.3626512077046 0.4144725536024626 0.2222871691216046 0.4323310521300897 1.7810287707012955 -0.7025711905879527 2239394505.475558 3 0.4144725536024626 -2.31432596240977 0.1932284072925394 0.2247099243966347 -0.7649976448114744 -0.9018759206539596 0.0532621054802841 0.3624090920288003 0.6330538960165148 0.09390479 70162.91810735599 0.3152606157152389 1697.447988108426 3 False 0.0725161970791399 51.91385551802302 -1.352634052607657 False 21.676 1.4978429078601596 0.9569750031842487 0.3123576990210488
53 53 0.0699252749524227 326.0397043316773 1.346743297017468 1.345910984633125 0.0019331405412976 0.0038650863658168 0.0 1.4409146923517466 1.4400241802950822 12.172478470105794 12.173955533383324 486.467467741045 487.3268276588457 2.212029478582749 3.5414248516248867 0.2246231677064598 5.2939942338369885 1.2423452781043482 2211742074.758317 4 0.9295631750070444 -2.2929974275471063 0.201292985265722 0.1958252811812477 -0.7434756732814265 -1.0040336552040956 0.1353022489454698 0.2754341318349154 0.6701570619030669 0.27665666 69842.86682590644 0.0699252749524227 326.0397043316773 4 False 0.3295400408397494 50.927693901726805 -3.707037872055336 True 106.4 1.254001407313466 0.9993819814168103 0.0703193729957079
54 54 0.4080245060258258 2294.1493384072605 1.3803575211867498 1.373172917375064 0.0066622426032453 0.0132898089919107 0.0 1.9435772169080068 1.9334611186750663 12.166570216995686 12.168047280273212 417.3573945022287 431.7264915447906 2.978539074313914 4.064730249892971 2.901545408956616 1.2383183032030536 -0.5622326212208039 2213293935.234369 2 0.163053579275879 -2.279356219221813 0.2077923466562942 0.2425079187652348 -0.7469969220163537 -0.9310557896411598 0.0567762545273814 0.2121658779583765 0.6958450852049064 0.022205226 69860.8281740089 0.4080245060258258 2294.1493384072605 2 False 0.0720750453649409 52.12963006636602 -3.852731324391736 False 20.434 1.6875720599487545 0.9947951138010179 0.40393540767839253
55 55 0.2529867753021186 1319.095044493638 1.3772963628801642 1.3374407151812868 0.0141058558593303 0.0 0.0286320653203112 1.7257341283605536 1.67579552887276 12.166570216995686 12.175432596660851 424.16121788345066 506.5989994410647 1.0205920714349208 4.819863777982303 2.259223821657953 4.0786396521254655 -0.1189382080471375 2231268401.450385 2 1.0205920714349208 -2.279967742294277 0.2036532156614687 0.3366572013175608 -0.7597505330421207 -1.068525840987187 0.0718266478425183 0.2664222089610449 0.679433456967986 0.13925508 70068.86597743501 0.2529867753021186 1319.095044493638 2 False 0.133905343942228 51.71154135485369 -0.0918238004935663 True 17.967 1.480410295611766 0.9710624025641567 0.2521467173676717
56 56 0.1467959078997769 719.860122094033 1.3371271427040838 1.2549562041846476 0.0134435022714634 0.0260608563305733 0.0 1.5334119355947644 1.439178639552391 12.175432596660851 12.187249102881072 506.9156187409165 738.9319041743918 0.3524879292807756 0.4242771271786108 1.8014412915945008 2.840385917060796 -0.104275430217132 2211399404.25684 3 0.3524879292807756 -2.314717505284258 0.1905526540883351 0.2312024287131669 -0.76915196641909 -1.015826937591184 0.1297019812155313 0.2468939464978372 0.6189003839166373 0.030004162 69838.90073213936 0.1467959078997769 719.860122094033 3 False 0.1084973630881706 51.72334570152312 -3.204090159267083 False 60.17 1.2931148735247915 0.938546652823709 0.14519968301991737
57 57 0.4433229405245418 2530.8036393135326 1.543723234794011 1.1844443190659075 0.0039117001236572 0.0069130094807542 0.0 2.2280911585989496 1.709535657481794 12.11191887572716 12.194634419268713 202.9210559429864 1029.3156077792391 0.0179883233143847 0.4185353118967355 3.056748492713278 2.924007032403676 0.6134188651938514 2220427806.5467663 2 0.0179883233143847 -1.933643609277459 0.205758947775296 0.2290376184252556 -0.5795867923570907 -0.8129169034429341 0.1067022494997427 0.3259339382701294 0.6568234879016397 0.01841266 69943.3961290135 0.4433229405245418 2530.8036393135326 2 False 0.1210539174038423 51.828555938275 -4.309702439697888 True 18.78 1.6960543325141946 0.767264683441754 0.44402640998164955
58 58 0.3201850756267995 1728.157106318971 1.4219525044517016 1.2077271770868376 0.0046728922720051 0.0086417864332598 0.0 1.8772404746272864 1.5944233946189277 12.15475371077546 12.191680292713654 347.44197316564765 922.2816184537608 2.738415223327832 5.373156994279978 0.3743062362129627 6.037391984333816 0.5088418886733459 2226246887.154711 4 0.4031774302619613 -2.144245270937289 0.1944892866405505 0.1889288050423319 -0.7126808736346589 -1.5773439537702676 0.0502951994664129 0.3059896583074074 0.6286854404327066 0.07108006 70010.74659901285 0.3201850756267995 1728.157106318971 4 False 0.0977200517923912 52.20492839150168 -3.915086494792096 True 23.18 1.5051043346609274 0.8493442455397142 0.3215867770242018
59 59 0.1130889394043004 542.8076609281528 1.3164110493628098 1.242278622841504 0.0035042321462929 0.0068111268179237 0.0 1.4652825787553525 1.3827665947432846 12.178386723215905 12.1887261661586 557.3024709070982 784.3860962127654 0.5771828755670472 3.1904985460735644 0.8296314753502575 4.361157111081129 0.0913060961972231 2234528560.744852 3 0.5771828755670472 -2.348038225504584 0.1870142155703599 0.1880170472061215 -0.7683439625239934 -1.2671822956082612 0.101088407319287 0.31331445086265 0.6002797446277087 0.077015504 70106.59930260245 0.1130889394043004 542.8076609281528 3 False 0.0474806553451894 52.609741566991886 -2.2932923920557635 True 112.958 1.239060928531699 0.9436859584571332 0.1106997436263053
60 60 0.0999787992298797 475.7642339149993 1.3341303950045933 1.2743367559130054 0.0034600533484829 0.0067650325138639 0.0 1.4675151499132375 1.401743414583688 12.175432596660851 12.18435454784063 514.775241199092 675.3083337859106 0.5387831356552856 4.023802319974202 1.8990644971244208 0.9313227733999208 -0.17315073944793 2232860101.1726418 3 0.5387831356552856 -2.318581691405301 0.1923249276249714 0.2121509960751305 -0.7655639797587851 -1.8729831660656744 0.0522085971685959 0.3559334990934804 0.6284686362302107 0.04645104 70087.2884279241 0.0999787992298797 475.7642339149993 3 False 0.0879846442861126 52.29761318107404 -0.5433414863321335 True 62.157 1.2485235351253294 0.955181562975048 0.09926330018503315
61 61 0.379523071964397 2106.8203812118027 1.4151296423249589 1.3530619437093228 0.0054548232697649 0.0 0.01115987035839 1.9522039914080056 1.866580169144003 12.157707837330518 12.172478470105794 358.156679135679 472.265835332614 2.746608060388298 0.2326577876928506 1.1049430712511594 5.541837816797995 0.3799971772667742 2222904041.124607 3 0.3949845932014952 -2.263335267283613 0.2093939427210487 0.3218731800459753 -0.7663692004488067 -0.9659826486278712 0.0823317465093095 0.2704945602648052 0.7007999765511201 0.17361125 69972.0562514422 0.379523071964397 2106.8203812118027 3 True 0.391167989004321 50.70634975967017 -4.258674876036317 True 46.44 1.6617209063437626 0.9561399204996772 0.37768262978091127
62 62 0.3486665669814544 1907.949884956328 1.3859569168141044 1.3628563884578813 0.0167384176095988 0.0 0.0337605527802727 1.8691937569838792 1.8380388467102344 12.165093153718155 12.16952434355074 408.0599337072606 451.3649597425697 0.4642441156618501 0.3855788578270003 0.7633723874965214 5.435232750829577 0.2702652491886002 2228458825.120305 2 0.4642441156618501 -2.2779727564996763 0.2073005773073858 0.2569758764265586 -0.7537231234928925 -1.3239833977036268 0.0952229453017637 0.3508072210886372 0.6938373449721433 0.08994312 70036.3477328739 0.3486665669814544 1907.949884956328 2 True 0.3540689253806951 51.11454607173371 -1.8297936858009336 True 28.842 1.6135983364214994 0.9833324340201541 0.34798114998724294
63 63 0.1863026264061827 935.6642265601688 1.326579475007258 1.164415628912763 0.0006974282053223 0.00130960132998 0.0 1.573724715337645 1.3813493188076176 12.176909659938378 12.194634419268713 531.8580763635512 1133.860429596303 0.2119368723733549 2.333774590795919 2.0648065546037606 1.6443195168165667 -0.3328165313493497 2230988106.265412 4 0.2119368723733549 -2.306149176729331 0.1795350774339144 0.2709685289966992 -0.7451528153769825 -1.2425221739834065 0.0964819664651828 0.2561547206866941 0.5512542028682611 0.081216276 70065.62182020153 0.1863026264061827 935.6642265601688 4 False 0.0760173828389291 52.11152285240036 -4.003782575605212 True 74.41 1.282997165294892 0.8777579111167781 0.18686923825686153
64 64 0.1018605236027398 485.3233334053732 1.267888023853236 1.2174917971199912 0.0089232126785309 0.0174917439965033 0.0 1.3970357618325695 1.3415061490566742 12.185772039603544 12.191680292713654 695.7303295685977 879.9189904678299 0.7686614031146597 2.306437488216576 3.078041670642938 2.516494552758537 -0.0732709621095096 2235769035.9447064 4 0.7686614031146597 -2.453859941172976 0.1792675815219909 0.2038671234260166 -0.7635720184332593 -1.194261204477229 0.0527516925253831 0.2348937919039491 0.5548057623830948 0.04196206 70120.95665445262 0.1018605236027398 485.3233334053732 4 False 0.0684495705346339 52.164100769149165 -4.647865826717259 False 54.434 1.1917255111510583 0.9602518315615243 0.10220630142599818
65 65 0.107406514411455 513.6214089524902 1.3662862946937273 1.17293588524792 0.0016154510068416 0.0030022909862392 0.0 1.5130343432949227 1.2989168403105136 12.16952434355074 12.194634419268713 445.0738300578431 1087.3115908677053 2.48864415160304 2.653273923854813 0.923152105964978 0.6477535195417925 -0.681537857733113 2221569874.5243444 4 0.652948501986753 -2.217213302478827 0.1846230657180795 0.2859442688396846 -0.724372817551054 -0.8422056774514027 0.1265954440474011 0.2946448867907221 0.5795330353684776 0.019406902 69956.61450838362 0.107406514411455 513.6214089524902 4 False 0.0822866349104659 51.65847126910332 -0.7853871233308398 True 73.348 1.2197098318382897 0.8584847039769585 0.1075931078169019
66 66 0.2467293125101772 1282.1326968237893 1.407656651123545 1.361951549557315 0.0070665557957591 0.0 0.0143702548661623 1.7549668089056358 1.6979849190517615 12.159184900608045 12.16952434355074 369.561172191137 454.5353108609392 2.9766134172115604 5.1358487034377935 0.3264413475155747 0.259174854851419 -1.1454754967525933 2209786200.238467 3 0.1649792363782327 -2.270082688206556 0.2095518112331419 0.2694227997459063 -0.7619893634930842 -1.302785569435995 0.0722909517400165 0.2219223823223901 0.7017113731556347 0.017945375 69820.22938933411 0.2467293125101772 1282.1326968237893 3 True 0.0824805642017427 52.34220971317912 -3.038904362870847 True 81.144 1.502738939443679 0.9675310726307085 0.24491815410423312
67 67 0.1224069650310198 591.0844782986873 1.3447879757228929 1.2983334735388448 0.0178894099196829 0.0 0.0364189047244302 1.509399390441341 1.4572585336329165 12.173955533383324 12.181340849770962 490.5494273993694 605.4863844106907 2.2442258529501333 0.7325646903804905 1.0651020545590306 3.830974844161117 0.8214207084841543 2231197886.206852 3 0.8973668006396599 -2.304654611920969 0.1960088271437348 0.249735755191177 -0.7618318433332024 -1.1252923946555855 0.1418352185981425 0.3522329629484052 0.6464274538443288 0.014989795 70068.04982878301 0.1224069650310198 591.0844782986873 3 False 0.2875281762183898 51.05442585024993 -4.770618159869559 True 37.655 1.2910735148257464 0.9654558911719324 0.12176093963602419
68 68 0.0726175413156337 339.22365969091425 1.389196234540462 1.3882167794709457 0.0011898151209812 0.0023787913608721 0.0 1.4900762494977269 1.489025668809233 12.163616090440629 12.163693274464247 401.61212232784914 403.3364476842228 2.5491573028121746 5.973916277455338 0.8673216806689271 1.232448920282724 -0.5630834974671257 2219103065.5004425 3 0.5924353507776187 -2.2779915070406456 0.2103755427298075 0.2200673738621322 -0.7445425105788358 -1.1576969944726667 0.1160707325958978 0.2517792111473347 0.7051702725985738 0.01918661 69928.06347801437 0.0726175413156337 339.22365969091425 3 True 0.1063082797843323 52.10956582834736 -0.4303003547930171 True 238.636 1.296729329790932 0.999294948370026 0.07226008226544645
69 69 0.059977412231446 277.7217813608225 1.3352022052552894 1.251876413881606 0.0156997870539598 0.0304197995273202 0.0 1.4152841783322216 1.3269607216198076 12.175432596660851 12.187249102881072 511.4515515282855 749.3364103072574 0.7493072270531477 0.5039824125397289 0.2595775826306081 0.1526165231730957 -1.1493335830975029 2228612795.0926447 3 0.7493072270531477 -2.317383546041259 0.1900260485393876 0.3017032258811186 -0.7692365956346368 -1.179485868373367 0.0581314264008648 0.3655232759478148 0.6161088326588757 0.01595096 70038.12979273894 0.059977412231446 277.7217813608225 3 False 0.3029342980621393 51.0080355141821 -0.2241656817490875 True 125.862 1.192888314308876 0.9375931293060205 0.05988498268513265
70 70 0.3547844788303201 1947.0471413289497 1.411703195202765 1.3296508942336724 0.0255351805482844 0.0 0.052646128336477 1.912553577575876 1.8013903937706353 12.157707837330518 12.176909659938378 363.3360619013274 524.5968055975468 0.4472200587204028 2.475609277330156 1.2292752166827374 0.982186267667802 -1.1448561230778105 2229578861.7654657 2 0.4472200587204028 -2.254697803201557 0.2065383265366785 0.2558085794393651 -0.7695050950823596 -1.171869093706099 0.0616194340792353 0.2954129649617283 0.6895158733351899 0.075435765 70049.31111997066 0.3547844788303201 1947.0471413289497 2 True 0.2451865191399098 51.27540495936192 -4.392784553659802 True 30.75 1.6157188882357654 0.9418770877278441 0.34798597810694565
71 71 0.1240076429297124 599.4294466446587 1.3368739669061978 1.326708832463681 0.0220219007465539 0.0 0.0442125314934597 1.50265655643633 1.4912308676315331 12.175432596660851 12.176909659938378 507.646903756627 531.6741055593407 0.6602167712200879 6.035400385706472 1.7704729361577254 2.042547324678703 -0.2041023312447296 2217994922.3923664 3 0.6602167712200879 -2.303975418758602 0.1981881376026405 0.3193722851637152 -0.7476486927059998 -0.9783523528844492 0.1380493280618988 0.3607568959561449 0.6568613494702277 0.19968401 69915.23774759684 0.1240076429297124 599.4294466446587 3 False 0.2058220228196862 51.2403327035269 -4.017956009070395 False 110.475 1.3031538037762447 0.9923963404971967 0.1226888527932839
72 72 0.1436797462815958 703.2140614843532 1.3562584940087508 1.1931717267371345 0.0094477609878976 0.0177594518208229 0.0 1.5511253703201875 1.3646063377050996 12.171001406828267 12.193157355991184 466.1663897278824 987.933608350656 2.437009936035572 3.727622628966498 2.067786523426364 2.7300807760052064 -0.1916360330731404 2211099652.946998 4 0.7045827175542213 -2.2549377688103864 0.1858410810663735 0.300762271525388 -0.74701092253191 -0.889642097757241 0.0726522812210974 0.2447907781961983 0.5887839957494961 0.052573245 69835.43138827544 0.1436797462815958 703.2140614843532 4 False 0.0920126919858438 51.6371528584989 -1.659056624305831 True 73.218 1.2660272664302736 0.879752445428324 0.14365186656546558
73 73 0.1648103303985432 817.1769814237622 1.3679749779721084 1.2242479425064632 0.0054853112319121 0.0103943052543255 0.0 1.5934313860686316 1.42601665040069 12.16816417277179 12.190203229436127 442.2602716969016 852.7194653504081 0.4436904957713277 0.439631358207678 1.4950478441981412 3.991603929973458 0.4471676816574954 2220492345.5722804 3 0.4436904957713277 -2.2524010996753616 0.1905082430048388 0.1555687105399377 -0.75855259892507 -0.8564570310758057 0.1023716084038195 0.2268560194570233 0.6151848959992035 0.060152046 69944.14310847547 0.1648103303985432 817.1769814237622 3 False 0.0467967270177382 52.10057747488786 -2.863707108775675 True 67.849 1.3118653649291117 0.8949344558343406 0.16402301546662956
74 74 0.0818640755495116 384.84885818552567 1.3531371979718476 1.3466769454242875 0.0051840552498249 0.0 0.010392979349041 1.4639105237754697 1.456921408625287 12.172478470105794 12.172647428557877 471.98280227359817 486.5131417859966 1.8809180142561648 2.6220392516511413 2.247017027657613 0.2570749544783213 -0.4073025149676362 2229574931.768319 4 1.2606746393336286 -2.290521176503001 0.202055993788223 0.2686338205701709 -0.7461541454344293 -1.3742863589706382 0.0500996889559005 0.2563344582627257 0.6733077754222194 0.017929872 70049.26563389259 0.0818640755495116 384.84885818552567 4 False 0.062256382922522 52.61425220430284 -3.930671216170802 True 51.568 1.27136157431459 0.9952257224491033 0.08203180131105037
75 75 0.1842797151606473 924.403064768864 1.3149781286118192 1.3051343864342495 0.0023981066069148 0.0047782613234984 0.0 1.5573019235948862 1.5456441794127194 12.178386723215905 12.179863786493437 561.2967282446183 587.3422764511859 0.2945109904660307 1.5396544765425808 1.067298019520009 4.178840602865894 0.6434300205121014 2227325820.022273 3 0.2945109904660307 -2.327702702192264 0.1935814123023045 0.1792034697719047 -0.7473692635438993 -0.9589336336217036 0.1284006242889511 0.2359243603608243 0.6353626948781808 0.019323766 70023.23424794298 0.1842797151606473 924.403064768864 3 False 0.0470987120075082 52.43779585433505 -4.949860997161977 True 38.139 1.3506243003670582 0.9925141399971715 0.1858051517880961
76 76 0.0621578563377762 288.25883277173705 1.3638444921372972 1.2587953567654928 0.013572323675132 0.0260992489377041 0.0 1.4486181421466346 1.337039377709982 12.16952434355074 12.187249102881072 450.5825738880566 725.799057299428 1.2169514469118294 1.6547243072361342 3.0677997450502072 0.3281795953031378 0.8513285330582526 2239456421.759802 3 1.2169514469118294 -2.2762280836043294 0.1938021824665806 0.251820819093367 -0.7690862447889449 -1.205542712503671 0.1028974410529248 0.2157671001329309 0.6339046619985523 0.15143937 70163.63473101622 0.0621578563377762 288.25883277173705 3 False 0.3981553473704914 50.779964650524505 -2.555245187507394 False 131.028 1.211360272336687 0.9229757234219712 0.0615918336864274
77 77 0.3149893276354751 1695.759502770154 1.3776306568694618 1.2829919091540083 0.0110310137620029 0.0 0.0228757203626118 1.811569611206792 1.6871206679801842 12.166570216995686 12.18429497632602 423.7665339134374 649.2932839683187 0.5710211469806088 5.0628472361905805 1.6223070662636865 2.5464377378147214 -0.6927351229221455 2237675829.9409685 3 0.5710211469806088 -2.2671768085771 0.1978717782870915 0.2031024025070376 -0.7697698328701761 -1.3401164602880793 0.0911431598327199 0.3865119468941358 0.6532329789818742 0.24443874 70143.02602940936 0.3149893276354751 1695.759502770154 3 False 0.0717880330492449 52.37788686603114 -0.9060958783473084 True 22.225 1.5217370125196812 0.9313032508070694 0.31869875892946053
78 78 0.3188877813202002 1720.0562070106812 1.3424743374599548 1.2249281767052866 0.0021263323930372 0.00406648453494 0.0 1.7705730004118656 1.6155428052514338 12.173955533383324 12.190203229436127 494.80312064452966 849.8891226918353 0.6334951350377082 3.055306952424963 3.0386797008766013 1.457103720674727 -0.1724235131668426 2210254524.574737 3 0.6334951350377082 -2.2992776758070512 0.187878404096241 0.18 -0.7666442842736378 -1.2594778743974542 0.0683138893477496 0.3064377823213433 0.6031355887320012 0.21196936 69825.64980989278 0.3188877813202002 1720.0562070106812 3 False 0.2276147632825685 51.28380967422489 -1.508904813626886 False 18.38 1.4720380049795552 0.9124406646185336 0.320840820745814
79 79 0.0763973605012343 357.8099839263147 1.413523059114106 1.322864118031242 0.0100524329043004 0.0 0.0207937823118066 1.521512489838054 1.4239274449506223 12.157707837330518 12.176909659938378 361.0195788829257 540.9254995560123 2.110859482640164 4.83022017814164 2.9144935327550154 6.258397367236706 -0.2420972101289147 2237060744.093634 2 1.0307331709496292 -2.249653914797232 0.2060186646407227 0.2053681226990055 -0.7701099839540728 -1.1576616215462625 0.1470209731143388 0.324674237989807 0.6871123647471064 0.030002274 70135.9069802504 0.0763973605012343 357.8099839263147 2 True 0.0984983619729941 52.097409336505855 -2.6366920746079785 True 71.004 1.2812326440216653 0.9358631325479172 0.07575806245190742
80 80 0.1653775038721231 820.270766081778 1.3307450781545411 1.230138618198745 0.028427199881921 0.0547052579082569 0.0 1.5508203774698528 1.4335758722931564 12.17674056437046 12.190203229436127 522.868543357219 829.5561756140844 2.5242825317470974 1.635229588329735 2.1207944539818366 2.744671216599509 -1.106170226392822 2210344149.928726 3 0.617310121842696 -2.32244558746705 0.1871978710114121 0.2661701879101437 -0.7691193682423897 -1.0121172272633476 0.0935674714995298 0.3590351723815421 0.6002590257352325 0.47378236 69826.68714037878 0.1653775038721231 820.270766081778 3 False 0.0452578863322117 52.47589032911332 -1.3838500546474148 True 88.491 1.297830607133743 0.9243983978544442 0.16345431853983272
81 81 0.1138040917370446 546.4945542774043 1.413931978317862 1.2266917297036488 0.0171524289944842 0.0 0.0369229771068342 1.5748432228882892 1.366294267843917 12.157707837330518 12.190203229436127 359.73287483531794 843.6204547777781 0.8981826472050849 1.93637365606875 0.8599085152136479 2.327985751992437 -0.3943599759815035 2210639750.3304224 4 0.8981826472050849 -2.1765319269978014 0.1956945466460501 0.2276714045119552 -0.7350894669880224 -1.1682592780924432 0.0618212914833893 0.2960980432065215 0.6370543652056064 0.19135128 69830.10844132434 0.1138040917370446 546.4945542774043 4 False 0.0701287737184801 52.32765555752708 -3.8197673711739366 False 49.837 1.276338524072359 0.867574783309611 0.11279622857204452
82 82 0.166116650436345 824.3053303000073 1.368783399083719 1.3087097484267165 0.0093537398017716 0.0 0.019136843943393 1.5961611125123811 1.5261082282287544 12.168047280273212 12.179863786493437 439.4339613128225 577.7671984198963 2.297217087995115 2.6039638700804457 1.1217424186442324 2.500718989690903 0.6284864628569664 2217923496.0994744 3 0.8443755655946782 -2.282970674180576 0.1996866532750805 0.2473649557548067 -0.7655534067825666 -1.340614034019095 0.141423566717247 0.2036912722383741 0.6624822534351316 0.0137498425 69914.41105439207 0.166116650436345 824.3053303000073 3 False 0.1472981053581395 51.762665065616574 -4.750812572072872 False 34.63 1.3586361406737035 0.956111645789088 0.1659355292559932
83 83 0.2484201845899709 1292.101003107853 1.392532298738797 1.3498703883259648 0.0357874667856756 0.0 0.0727059767552869 1.7384654294389854 1.6852054393664369 12.163616090440629 12.172478470105794 395.4524498317338 478.5011127743409 2.674911092936338 1.114917628678514 1.6486230738637848 0.3435076617229705 -0.7827361030933341 2220764994.262721 2 0.4666815606534551 -2.273682931323416 0.2066162802264072 0.2482629033007011 -0.7608176778920072 -1.227174413201105 0.1093279815365361 0.2885266609154554 0.6910268820945026 0.015229747 69947.29876461482 0.2484201845899709 1292.101003107853 2 True 0.1449433144973422 51.77364328430305 -3.487255832827622 True 27.321 1.4900229070829711 0.9693637910937718 0.24601795823823336
84 84 0.0880939645787703 415.8883782336612 1.5324269434065758 1.2578259154153335 0.0084601944129654 0.0154043765339246 0.0 1.667424508278588 1.3686327870541917 12.11635006555974 12.187249102881072 213.1683542877608 728.8136929942023 2.52122540025412 5.8522049268985805 2.104717094698658 4.241770438432795 -1.155018880963735 2223887742.5386386 3 0.6203672533356733 -2.051880634920851 0.2124555914434609 0.2924838045063823 -0.6703140829684104 -0.8129136213172402 0.1049172967496865 0.2028161661839082 0.6948674598692716 0.11601351 69983.44168447498 0.0880939645787703 415.8883782336612 3 False 0.1973582393430388 51.23110374898014 -0.0047046018233594 True 183.605 1.3138260831571607 0.8208064474637822 0.0861424683081482
