redshift luminosity_distance mass_1_source mass_2_source chi_eff chi_1 chi_2 mass_1 mass_2 radius_1 radius_2 lambda_1 lambda_2 theta_jn phase psi ra dec geocent_time prompt_collapse inclination_EM log10_mej_dyn v_ej_dyn Ye_dyn log10_mdisk log10_mej_wind v_ej_wind Ye_wind chi_BH Ebv trigger_time redshift luminosity_distance prompt_collapse has_grb thetaCore log10_Ekin_iso log10_n0 afterglow_detected snr
0.3072860394549018 1647.9581819898672 1.407647068936516 1.269206373176593 -0.0041427128564182 -0.0198738883280913 0.0133043655002752 1.840197361700319 1.6592157728409482 12.159184900608045 12.185772039603544 369.58512765871 691.9251413746161 2.695538193825413 5.355429507099613 1.668303367939345 2.256201989962788 0.7642633686756634 2226693316.3166537 3 0.4460544597643802 -2.221707304886304 0.1996284186890633 0.1804052256972007 -0.7625733255159004 -1.3552858535900465 0.1332549988862901 0.3554894177995388 0.6585499127407894 0.025501212 70015.91360320202 0.3072860394549018 1647.9581819898672 3 False 0.0516537018887012 52.66182167945557 -1.5129092370237132 False 21.961
0.2763221307213142 1458.6628743447764 1.3690079162939552 1.3616729379113166 0.0616873454091504 0.058958162799559 0.0644312294164757 1.7472951006986477 1.7379333054605233 12.168047280273212 12.16952434355074 439.2478693800695 455.0267585423308 0.6875908473459622 0.5548432149966073 1.0862951750560408 2.081089497913385 -0.545438512140291 2226317016.3941994 2 0.6875908473459622 -2.28278123285938 0.2053694561134456 0.3170623399164729 -0.7468114094785794 -1.0455344571755265 0.0537057140339407 0.2256262359153184 0.6865067548763778 0.8676106 70011.55828002545 0.2763221307213142 1458.6628743447764 2 False 0.3113711362297999 51.00408098295761 -0.2466400003700766 True 23.306
0.2157570987771292 1102.1408829132854 1.1282131523078884 1.100343336298638 -0.0192604527634107 -0.0060424801885077 -0.0328132139915689 1.371633148852038 1.3377502221971795 12.197588545823765 12.199065609101297 1352.1458216298554 1550.657830935958 0.4486107778211198 3.935692871338901 2.1915609299309984 5.798807702407106 0.6323939802828249 2236662505.151863 4 0.4486107778211198 -inf 0.152297247588873 0.3282355028884376 -0.7567370731256707 -1.561770010366442 0.1109114320858015 0.3101789036330955 0.3120582034934615 0.14620093 70131.29773323916 0.2157570987771292 1102.1408829132854 4 False 0.4529997400655868 50.12870912561512 -3.3400867270597496 False 27.895
0.2348099877395824 1212.2776692155053 1.931173727541244 1.144007826621444 -0.0367292568196635 -0.0185786104756086 -0.0673689522324555 2.384632606828207 1.4126322903644115 11.742193376662224 12.196111482546238 34.229317525942385 1251.037173215156 0.8850377627699506 0.1180823278914499 2.444215808602052 4.116602935590886 -0.290072050761744 2240055072.510669 1 0.8850377627699506 -3.4172468491062795 0.2134900404978255 0.3234721513911215 -1.0 -1.5498989939347934 0.0756486880261056 0.2987440275948053 0.7014979185885294 0.12644906 70170.56355915127 0.2348099877395824 1212.2776692155053 1 True 0.2734969343054461 51.115897948729234 -3.1305561880685966 True 23.8
0.3692323762035379 2040.0342810914708 1.3612148135154083 1.340060339578852 -0.0073709220394608 0.0389174961479947 -0.0543900589171051 1.8638193936331584 1.834854003017672 12.16952434355074 12.173955533383324 454.7308704651748 501.0479109741033 0.0766644072552168 1.8026777873810584 2.527596336517981 0.7477219267478142 0.6060086405570477 2226771267.176313 3 0.0766644072552168 -2.288343644209168 0.2022278557764383 0.3217754882587608 -0.7526038913739418 -1.1898580128439766 0.1327895605302808 0.389064522821232 0.6739004807561969 0.092007235 70016.81581222585 0.3692323762035379 2040.0342810914708 3 False 0.0110972644233811 53.99916539313775 -3.0441889503801662 False 21.844
0.1760918764459486 879.052884826854 1.6260370211265358 1.1921449686217076 -0.0424757210432101 -0.0396906766899648 -0.0462744077323733 1.912368931347288 1.4020720131419009 12.069084040678856 12.193157355991184 141.4974793055935 991.9647563199206 2.753417084268316 4.388975350640994 2.4889855587952883 1.4136046366409516 0.2377579918294055 2223914794.893844 1 0.388175569321477 -3.168376894634437 0.2121105390551078 0.3413490670339416 -1.0 -2.050097409989159 0.1134695971294628 0.3153531657924084 0.6829629246682536 0.45537454 69983.754790438 0.1760918764459486 879.052884826854 1 True 0.0966088290993162 52.05877303212918 -4.788323536777216 True 44.468
0.2015416519188576 1021.213050995796 1.4357864938274925 1.2440575790348032 0.014084073666613 -0.0870739585608745 0.1308321557988546 1.72515727559627 1.4947869985956523 12.151799584220408 12.1887261661586 326.2886319457921 777.3890995922687 2.909035715292783 1.633021532146868 2.980252875321697 6.095641892961814 -0.7112333392616429 2228853120.290215 4 0.2325569382970101 -2.1603887031182865 0.1999715542822036 0.2876055461040226 -0.7339839274747575 -1.284167589211524 0.0743593868823339 0.2634868314129774 0.6557989608811822 0.015557873 70040.9113343775 0.2015416519188576 1021.213050995796 4 False 0.0469038099765245 52.76202696794893 -3.846438292567532 False 37.445
0.2287267781814614 1176.9076830686338 1.715766007242029 1.2134905012938138 -0.0119724741678615 -0.0514867952455299 0.0438972082334639 2.1082076381917685 1.4910482740085544 12.005570319745166 12.191680292713654 95.00977003682964 896.777717922952 0.3396482784576986 2.2383572241323324 0.1047867351962221 2.6346904867788834 0.337879279802491 2222245186.152582 1 0.3396482784576986 -3.262961417432215 0.218765925420698 0.2635288578069227 -1.0 -1.497134701703612 0.0698160748028405 0.3133866100440627 0.7130527497732561 0.025825318 69964.43061519193 0.2287267781814614 1176.9076830686338 1 True 0.2796308725645389 51.08172595993272 -4.016522179810141 True 35.802
0.135612245490427 660.3792790578775 1.4280047385565322 1.2094416414345848 -0.0547399800585213 -0.063749313822446 -0.0441025331033615 1.6216596677231536 1.3734567382191567 12.153489188952443 12.191680292713654 337.6635603302862 914.1660301332864 1.210095347348531 5.579129544442316 2.4012348975548816 4.727051229768162 -0.525371235336775 2232734370.6089435 4 1.210095347348531 -2.1360006290671176 0.195332060167403 0.2722249036376281 -0.7094120061383805 -1.3653508290589058 0.1218668055171703 0.3189595500521488 0.6323195718304595 0.62595606 70085.83321306648 0.135612245490427 660.3792790578775 4 False 0.0997289254265835 52.16717655065364 -3.98631902891685 False 29.205
0.4346125078773794 2471.93828002822 1.98313439456142 1.2224839953916065 0.0038981206461544 -0.0252815919579356 0.051233948278034 2.845029407239647 1.753790830468711 11.637781563640766 12.190203229436127 25.851976062093488 860.663334706715 2.9330398827633952 4.290092417329687 2.2122937370811573 3.1979981868456573 -1.4909746254933298 2221681901.029582 1 0.2085527708263979 -3.5167641928227056 0.2348054084553115 0.2047145398237702 -1.0 -1.707735878497094 0.068758784240461 0.3010808801349466 0.750890219867819 0.13123272 69957.91111145349 0.4346125078773794 2471.93828002822 1 True 0.3127709300599521 51.1044201375866 -1.599294789964898 True 38.893
0.1017627996476664 484.8263702662004 1.872115128643581 1.3397037766459516 -0.0144790470410507 -0.0468077924405268 0.0306974572037531 2.0626268053971035 1.4760357836559956 11.83570804282948 12.173955533383324 46.19704259109219 502.2491177802409 0.8087943444908596 1.5396522985441643 0.0354994392513132 1.3726099162841152 0.5034079048422394 2227993220.9756126 1 0.8087943444908596 -3.5214699919255263 0.2479190579011647 0.2514952652335586 -1.156360781646124 -1.5644150672022992 0.0922811381558417 0.2630711190322775 0.7917365510819042 0.5569082 70030.95879601403 0.1017627996476664 484.8263702662004 1 True 0.0865830006341327 52.017051776958645 -4.929498038199175 True 62.863
0.2825677652063561 1496.4731160721428 1.4838607240908386 1.2587919085304484 0.0651996007341768 0.107184603837348 0.0157077850627856 1.903151932774672 1.614485924983741 12.1355518881676 12.187249102881072 264.8859565983937 725.8133362506867 2.357745173475548 2.183699790190006 1.2159404429609308 2.385865643706 -0.4937667487123048 2233707047.634541 2 0.7838474801142452 -2.112241561650489 0.2069417132993759 0.2026439902338235 -0.7116871091429902 -1.050665762556148 0.0621973151857468 0.2502151092186983 0.6805386734277529 0.16599375 70097.0910490109 0.2825677652063561 1496.4731160721428 2 True 0.048641714804348 52.68298531698983 -0.7182136271136654 True 21.522
0.0683506011163368 318.34968768610224 1.4992944187625428 1.2046306341088655 -0.0131615806785013 -0.0474904289693516 0.0295644211246095 1.6017720935353317 1.286967862073361 12.129682990944811 12.191680292713654 247.85937071764133 935.561712247588 1.882172137988496 2.786611942884909 0.9267662253262796 1.2403518998878216 0.5528783360768296 2234809185.791789 3 1.2594205156012972 -2.021493128794892 0.2027991544097802 0.2878464959659916 -0.6409078822365805 -0.8651654126274627 0.0646358380316312 0.269881170346912 0.6552070397843515 1.6201366 70109.84727768274 0.0683506011163368 318.34968768610224 3 False 0.1013269916212775 51.9278213314796 -3.7058117103511625 False 77.109
0.2624368335804627 1375.289329117741 1.79617093676652 1.1555611358594964 0.0431868210545444 0.0547300561910029 0.0252443489299973 2.26755234998078 1.4588229413631055 11.928763029313725 12.196111482546238 66.36161294577326 1182.5751952571711 0.2699180205184449 2.6518693790822745 2.152619415166944 4.165398054571139 -0.5718211476607771 2219521614.074266 1 0.2699180205184449 -3.284078955033768 0.209925001304704 0.2114319669095741 -1.0 -1.4706640418100845 0.0695213541289415 0.3907975024486391 0.6924040443733223 0.23908205 69932.90779021141 0.2624368335804627 1375.289329117741 1 True 0.3764607397083608 50.77205056374352 -0.576970481304576 True 31.098
0.1440142307923393 704.9981486492375 1.1789217423251763 1.1730758876788074 0.0379874584169273 0.0439114964937952 0.0320338987499553 1.3487032502105014 1.3420155093039114 12.194634419268713 12.194634419268713 1057.511841252457 1086.5778356036128 2.3778873147940978 3.9991402056377288 0.5783374496661762 6.251048956092814 -0.5920702160131024 2230253357.453552 4 0.7637053387956955 -2.878458949347849 0.1652730974674836 0.2269901189204188 -0.7454260677270256 -1.0204633002748758 0.0585888707883443 0.3503228689056094 0.448466190753402 0.010228317 70057.11778302722 0.1440142307923393 704.9981486492375 4 False 0.1891007218142102 50.97146708578244 -0.225470252319365 False 37.78
0.0865869556638496 408.3579451818352 1.3718282658533572 1.1379371461907617 -0.0074397420747127 -0.0144310235810024 0.0009885244749568 1.4906106990872177 1.2364676594162285 12.168047280273212 12.197588545823765 434.7215990554978 1288.0320790997018 0.8029296052090237 4.296286442544883 2.014396608516368 1.096574874526936 0.2238516345259907 2225008793.8657045 4 0.8029296052090237 -2.170178164632653 0.1811939985334928 0.2302820922561193 -0.6834672367059322 -0.9669783441361924 0.100893273953284 0.3853885710826767 0.5552773496590979 0.5205379 69996.41681557528 0.0865869556638496 408.3579451818352 4 False 0.0450564433193033 52.49258389105115 -0.169468999285848 False 129.705
0.4665425143904971 2689.1815191503533 1.4876825063055972 1.2592737621998538 0.0046962531840484 0.0224198550835315 -0.0162420791199014 2.181749643412167 1.8467785095225544 12.134074824890074 12.187249102881072 259.80976987165167 723.9597949175518 2.9781407206332084 4.584274165397453 0.4012461252144252 4.807514819149027 -0.7214377805643981 2233362561.305828 2 0.1634519329565846 -2.1080412414180345 0.2074288259640426 0.3095130683793788 -0.7091493526832574 -1.210179555477449 0.1112543025270211 0.2215665258396657 0.682090475007332 0.09582688 70093.10393872486 0.4665425143904971 2689.1815191503533 2 True 0.3540252880395979 51.10604055291312 -4.068281800550241 True 44.217
0.1578535055957552 779.3767468975068 1.745781585532325 1.3515562458533807 0.0174499791027806 0.0116774330126854 0.0249062760172769 2.0213593288131184 1.5649041372711754 11.978983180749664 12.172478470105794 83.03365839540437 474.96006820438834 0.3076606193457346 2.4298978778680933 1.0428977152128145 2.046778720440903 -0.1180123273570859 2227766354.369481 1 0.3076606193457346 -3.453744800213688 0.242264024287535 0.2144761250597939 -1.6351624004248475 -2.3407492849281666 0.092224994082605 0.3371054303337994 0.7797590301244609 0.09829473 70028.33302510974 0.1578535055957552 779.3767468975068 1 True 0.0621875678639387 51.91294617385743 -1.4252636801146252 True 84.607
0.0816385578363912 383.7297531656311 1.964098191406629 1.1186225210950838 -0.0038361818383337 0.0065511507295993 -0.0220744532171757 2.1244443352021305 1.2099452504805943 11.679139335411543 12.197588545823765 28.8187048306382 1415.4390101732083 1.89435326479944 3.272233270031903 2.1268143351255984 4.34838451353118 0.1121981906335984 2229878438.9838014 1 1.2472393887903532 -3.4419854078771297 0.2093473092923815 0.174240942888823 -1.0 -1.598721532521166 0.0556592223123532 0.3205169302618887 0.6880119729652663 0.069487944 70052.77844888659 0.0816385578363912 383.7297531656311 1 True 0.0990394415534424 51.953772655811136 -0.471264944894795 True 95.041
0.3093162558349421 1660.529318248869 1.5571481128544695 1.2525009240387666 -0.0223594222092598 -0.0642127189650399 0.029673898333012 2.03879933690306 1.639919820292243 12.106010622617047 12.187249102881072 191.78161446798484 748.0228684214591 0.0366129474449994 4.183581735150454 3.098371320061689 1.2158067889471988 -0.9579378853508804 2220376995.8054347 3 0.0366129474449994 -2.015598090497518 0.2148266053864925 0.2759000979468021 -0.6429522303171823 -1.0244443297099095 0.1472825176713443 0.3817633778684324 0.6988471973198034 0.01151906 69942.80804172957 0.3093162558349421 1660.529318248869 3 True 0.2323036044431273 51.45984015537356 -2.579743424355594 True 51.456
0.3540058159033648 1942.061762241691 1.4622338630222758 1.2507099246528302 0.0177146682417644 0.0373635210762303 -0.0052572594752658 1.9798731547430053 1.693468511987991 12.142937204555242 12.187249102881072 291.19057944132925 754.0929752843857 0.6071401319317687 3.535151305225688 1.512987920579422 5.616681781052535 -0.3968312853863975 2237229682.578487 2 0.6071401319317687 -2.1307527137129854 0.2036414417097367 0.3203543938732663 -0.720827353393655 -1.349275787532994 0.0992319102490454 0.3864151486385106 0.668965417014094 0.04895355 70137.86228678805 0.3540058159033648 1942.061762241691 2 True 0.2632807760557755 51.33501462762629 -4.951931435820915 True 18.709
0.1106697866660268 530.3586548178018 1.397227893173309 1.3842043643085489 -0.0164249945948167 0.0445950752920958 -0.0780191824819272 1.5518588060346217 1.5373939660087594 12.162139027163102 12.165093153718155 387.2170187250733 410.4501848669796 2.349667442971369 0.0890747750598933 0.2407404896968074 4.408800043066337 -1.499066421492928 2230372179.6415725 3 0.7919252106184241 -2.2772483900784897 0.2107975035627484 0.2068637432486889 -0.7499378214666731 -1.0744773287122786 0.1305714560624334 0.267712773003875 0.7066945410609337 0.124521874 70058.49303983302 0.1106697866660268 530.3586548178018 3 True 0.1154677499920116 51.95441935043994 -3.2978433968231355 True 102.236
0.2424490671668759 1256.9640671266052 1.968989660891872 1.2530905111306236 -0.0191620904314987 -0.034360259923423 0.0047188968780938 2.4463693674363296 1.5569011366299073 11.668799892468847 12.187249102881072 27.964537010985435 744.956181445564 0.7141490921119655 4.908524605344453 2.872700372512004 2.3694296504597574 -0.5650315881760979 2226837256.616095 1 0.7141490921119655 -3.5252950481416074 0.2397403796817699 0.2680590538560758 -1.0 -1.5663238048747217 0.1324124950090647 0.2819338810347527 0.764768538731276 0.2402837 70017.57957888998 0.2424490671668759 1256.9640671266052 1 True 0.1049469313652444 52.03045729451222 -1.864226481916636 True 28.652
0.1752035960777076 874.1552210458804 1.2723138636453477 1.2301160647327132 -0.0120397835308328 -0.03244860554463 0.009069141011557 1.4952278278955349 1.4456368228668428 12.185772039603544 12.190203229436127 681.8914128542013 829.6643787645565 0.8546799811208569 6.11906657420779 2.33888876477467 0.9349422836644156 0.4824521574561042 2232293293.7211647 4 0.8546799811208569 -2.433955068044175 0.1810769734567794 0.2848510015029407 -0.7608943775781956 -1.0493421879319993 0.0633299257546508 0.3180124346770841 0.5664475359187829 0.18325222 70080.72815649497 0.1752035960777076 874.1552210458804 4 False 0.4009627419483865 50.54749222458124 -2.223982348051348 False 30.618
0.2419696436045146 1254.150785163853 1.645171585847598 1.1079460166815576 -0.0204164948308894 0.0103137431597101 -0.0660473411061369 2.043253168143416 1.3760353194710355 12.056432540692178 12.199065609101297 130.0107454103065 1493.286276186473 2.258692106926072 5.999260844406302 1.9229644915811137 2.0693628893392915 0.8040504192078931 2221262289.6244774 2 0.8829005466637213 -1.7061939371778858 0.2100127031616435 0.3438539239691713 -0.4562488666470826 -0.8332401277188 0.0977642918108832 0.3225284971452087 0.6319389989703638 0.089000486 69953.0544979685 0.2419696436045146 1254.150785163853 2 False 0.098949064148308 52.24031418400947 -2.1125033947010907 False 21.525
0.1853421626038434 930.3147112008644 1.559116307944144 1.2548725219872712 0.0097940346188026 0.0427904544014613 -0.0312023656413949 1.848086296209432 1.487453309004531 12.104533559339522 12.187249102881072 189.83862495792232 738.8043382420133 2.7849684112893685 0.9564941077342634 0.0872148294271332 4.835680752202255 0.5785767733441183 2233746788.9925427 3 0.3566242423004248 -2.016969480125864 0.2153248622478502 0.1778871743930098 -0.6438481420012737 -1.042267628966998 0.050905107375487 0.2063001873235805 0.7006403030690299 0.0802307 70097.5510184322 0.1853421626038434 930.3147112008644 3 True 0.1133110065036231 52.115923959280295 -4.465010721745147 True 91.029
0.4633361419806712 2667.186460693146 1.384001601311913 1.2845754183836755 -0.0161963718651738 -0.0308825378053922 -0.0003734961604762 2.025259563758846 1.879765636820775 12.165093153718155 12.18429497632602 411.4076854498376 644.7961278314776 0.2470984078984737 5.624362679517386 0.508807860257429 4.192725978662375 0.7005147190055211 2230517688.357171 3 0.2470984078984737 -2.2603251080718185 0.1987227565438092 0.1585504384081332 -0.7697270210308477 -1.049590708934221 0.0955929123274378 0.3818211979859731 0.6568048720891987 0.016237592 70060.17716848578 0.4633361419806712 2667.186460693146 3 False 0.0974756455710485 51.8942243316904 -1.7778562730653258 False 15.651
0.2630585159646805 1379.001780360899 1.9878662168246928 1.3172989769652474 0.0128558983560808 0.0418080587348886 -0.030834275649604 2.510791353758921 1.6638256909275173 11.626308481706833 12.178386723215905 25.27528010165252 555.437514385787 2.7875989639439664 3.604059657299729 0.3229505802363044 4.725142574174283 0.1855498860720306 2234509939.684576 1 0.3539936896458269 -3.594842750014237 0.253124450327061 0.3377365666669619 -1.0 -1.432571222696727 0.0737665399289517 0.2667306344044767 0.7942221040848101 0.15622485 70106.38378107148 0.2630585159646805 1379.001780360899 1 True 0.0618764926054344 52.484890446348594 -3.672094075374389 True 31.475
0.3562574541650589 1956.4851934545825 1.5987988867232847 1.2383798491719826 0.0052601948456945 0.0101164567328894 -0.0010094372902572 2.1683829078292525 1.679561901527303 12.083854673454132 12.1887261661586 159.9869652585419 797.9476429426869 0.2252712303155647 0.4696388406086121 3.0755517740004947 3.630875034003712 -0.9844334654177312 2229634618.212431 1 0.2252712303155647 -3.210852946558731 0.2189254356637675 0.3255983538718937 -1.0 -1.7450030779379748 0.0751785536321582 0.2402209673609397 0.702086335406082 0.5556896 70049.95644921795 0.3562574541650589 1956.4851934545825 1 True 0.2949116944736753 51.10662993806153 -1.5837073367201873 True 50.878
0.295493238758551 1575.322150122096 1.4805459942560706 1.2480291052859322 0.043652537186833 0.0964402421860874 -0.0189699007447819 1.918037325229796 1.616813267671809 12.137028951445131 12.1887261661586 267.94907023854574 763.8139827862905 0.5465901781589295 5.160871452664543 1.187854112822059 0.030847926860824 0.6638472603392892 2209093769.446373 2 0.5465901781589295 -2.103224634140902 0.2053955541327566 0.2494528935818668 -0.704084759823646 -1.0156527170681449 0.1063416469647743 0.3460947948185838 0.673792644712599 0.08890199 69812.21514405524 0.295493238758551 1575.322150122096 2 False 0.2494037655757964 51.24809379630194 -3.347377584900189 False 22.25
0.1130889394043004 542.8076609281528 1.8953336732512576 1.2863292020779156 0.0019281072420428 -0.0361393906761499 0.058018422648256 2.1096749481765 1.431798807265687 11.801735587446345 12.182817913048488 41.02046138235875 639.100417544562 0.5771828755670472 3.1904985460735644 0.8296314753502575 4.361157111081129 0.0913060961972231 2234528560.744852 1 0.5771828755670472 -3.4866342978820057 0.2405450308971854 0.2660420058027042 -1.0 -1.6221362339945222 0.0920564204402889 0.3082683043177694 0.7727354700993142 0.077015504 70106.59930260245 0.1130889394043004 542.8076609281528 1 True 0.0357199098728208 53.01782736477921 -2.167138728433751 True 132.601
0.0999787992298797 475.7642339149993 1.72417896988499 1.1537305874787291 6.721328315248656e-05 0.0262698695822472 -0.0390910351297219 1.8965603129515023 1.2690791862496362 11.998185003357523 12.196111482546238 92.0977754106914 1192.486233617473 0.5387831356552856 4.023802319974202 1.8990644971244208 0.9313227733999208 -0.17315073944793 2232860101.1726418 1 0.5387831356552856 -3.21272066279844 0.207318735450826 0.1558432206594533 -1.0 -1.666375004706504 0.0763745277054354 0.3782663405467147 0.6795713613461271 0.04645104 70087.2884279241 0.0999787992298797 475.7642339149993 1 True 0.0983067708609438 51.97732977978635 -1.1016625226629897 True 65.725
0.1863026264061827 935.6642265601688 1.5978818575022034 1.3080987002263902 0.0351039296260392 0.0141518441337902 0.0606975314537192 1.8955714442416536 1.5518009236770804 12.085331736731662 12.179863786493437 159.96249598283006 578.785869375338 0.2119368723733549 2.333774590795919 2.0648065546037606 1.6443195168165667 -0.3328165313493497 2230988106.265412 1 0.2119368723733549 -3.322255756601075 0.2288916447490866 0.3175638262227858 -1.5567388776232045 -2.3005588952997584 0.0628560837907735 0.2398486969757915 0.7349318832043215 0.081216276 70065.62182020153 0.1863026264061827 935.6642265601688 1 True 0.046608653174257 52.16328235308551 -3.5961319828326466 True 84.645
0.4129049996815354 2326.567761650765 1.6502394830768088 1.1559023913509503 -0.0092784717494112 -0.0192418999315329 0.0049459495304175 2.331631616311096 1.6331802678836005 12.052836344626051 12.196111482546238 127.16391438569106 1180.7960480066788 2.6365123586740373 5.297527789468086 2.5794279113138305 2.969233839779325 -0.753675602446555 2220198914.618093 1 0.5050802949157559 -3.147810782440128 0.2059561543585146 0.2593604652614244 -1.0 -1.6165274353701795 0.1182362925507674 0.2334653444415853 0.6661592946198962 0.098214634 69940.74691687607 0.4129049996815354 2326.567761650765 1 True 0.1245549440937299 51.74489168676378 -1.93926710756952 True 16.186
0.0726175413156337 339.22365969091425 1.330618137467737 1.312770118718377 0.0530846223535232 0.0746566255131113 0.0312193328741418 1.4272443550406322 1.4081002570523382 12.176909659938378 12.179863786493437 523.0043167948202 566.316812285067 2.5491573028121746 5.973916277455338 0.8673216806689271 1.232448920282724 -0.5630834974671257 2219103065.5004425 3 0.5924353507776187 -2.3130072631327354 0.1960277641785666 0.1655316663601242 -0.7510161616633652 -1.0498942857055815 0.1165639093722953 0.3827879858082793 0.6470501152246395 0.01918661 69928.06347801437 0.0726175413156337 339.22365969091425 3 False 0.1039214865809292 51.90722691042119 -3.705519721316632 False 229.002
0.059977412231446 277.7217813608225 1.9022995704800985 1.19619384568338 -0.0909591597200282 -0.0522964729479452 -0.152444188008334 2.016394576006486 1.2679384570746508 11.78991908122612 12.193157355991184 39.6939290850136 973.1616127569838 0.7493072270531477 0.5039824125397289 0.2595775826306081 0.1526165231730957 -1.1493335830975029 2228612795.0926447 1 0.7493072270531477 -3.4191144722373488 0.223571014707513 0.2024023986145086 -1.0 -1.7809428411546593 0.1100740913904975 0.3910333727300365 0.7293701525577952 0.01595096 70038.12979273894 0.059977412231446 277.7217813608225 1 True 0.1253762488060221 51.853295466941766 -0.8619181013046298 True 142.041
0.1842797151606473 924.403064768864 1.290722853685116 1.1134774275957935 -0.037103203801882 -0.0493561391170153 -0.0228998232536873 1.528576893513547 1.3186687307909566 12.182817913048488 12.197588545823765 627.4424530854536 1453.390536486745 0.2945109904660307 1.5396544765425808 1.067298019520009 4.178840602865894 0.6434300205121014 2227325820.022273 4 0.2945109904660307 -2.387698291217886 0.1700519713121869 0.292183499669234 -0.7293254153627369 -0.916002451938026 0.1329178540602885 0.2020055601135209 0.4833839999914147 0.019323766 70023.23424794298 0.1842797151606473 924.403064768864 4 False 0.4114211689559826 50.28386580583832 -4.101890990979391 True 35.509
0.2020196899850314 1023.9169647300662 1.8941126987285664 1.1901174251118671 0.013973252536066 -0.0068012441588569 0.047036576515084 2.276760758922422 1.4305445783787505 11.80321265072387 12.193157355991184 41.48516159655574 1001.9253354757076 0.4174204908489059 2.1421230479504487 0.3095466401910702 1.4127674995472377 0.1211897732266531 2219371220.972845 1 0.4174204908489059 -3.406464333536405 0.2217993536270662 0.1649068953321722 -1.0 -1.4798061221287528 0.1432114025967032 0.3412733248079361 0.7251062607320807 0.52828777 69931.16712931533 0.2020196899850314 1023.9169647300662 1 True 0.4255392491758543 50.74528378359078 -1.6113505420013796 True 59.279
0.0763973605012343 357.8099839263147 1.3916508869010842 1.2495077042467695 0.0070924675746717 0.0458321683269249 -0.0360542363047213 1.497969341399529 1.3449667947771795 12.163616090440629 12.1887261661586 397.91133681156674 758.684618597537 2.110859482640164 4.83022017814164 2.9144935327550154 6.258397367236706 -0.2420972101289147 2237060744.093634 3 1.0307331709496292 -2.2302217975307106 0.1957632397526129 0.1693208691250768 -0.7604120291807775 -1.2012728651311266 0.1318243946849852 0.2945323170156809 0.6409446003678133 0.030002274 70135.9069802504 0.0763973605012343 357.8099839263147 3 False 0.3380057560841497 50.98534114632452 -1.8831440502548265 False 68.985
0.1213460681068251 585.5619491485129 1.2664306621689012 1.1647948522152056 -0.0198328180304921 -0.0245859826019411 -0.0146649094119316 1.4201070435530203 1.3061381276825912 12.185772039603544 12.194634419268713 700.2921892540724 1130.4389296825132 2.866379549522147 1.623451884860063 2.649191618967999 3.988595900152273 0.7253093057707379 2233881561.619835 4 0.2752131040676459 -2.48981591501273 0.1734063707954499 0.3259176867639344 -0.7683174173706077 -0.9863125968216137 0.0767672352705776 0.2718843937642324 0.5127402281241219 0.024068482 70099.11088680364 0.1213460681068251 585.5619491485129 4 False 0.1259892845663495 51.38531429328236 -3.0671072241234194 False 56.746
0.2896233698056503 1539.414582957331 1.4152298505456753 1.3704279742397598 0.0812516196275709 0.0410280837284233 0.1227901388120968 1.8251134889102607 1.76733594221501 12.157707837330518 12.168047280273212 358.2176440673037 436.4645454601536 0.1695518824198855 0.3708491248311896 2.5661293988811784 3.167197128084722 -0.6270475818173485 2235434083.715595 3 0.1695518824198855 -2.270102576452796 0.2112665667827666 0.2269758812976572 -0.7618775121120073 -1.0761792285731986 0.0975688586672983 0.23617849957042 0.7078775256343841 0.069234975 70117.0798925416 0.2896233698056503 1539.414582957331 3 True 0.21617888294148 51.35696601164307 -2.948296264470629 True 41.678
0.0690742376983567 321.8816732231522 1.3497435099816406 1.2828186018626004 0.0437314111165679 0.0209378440194365 0.0677141232584203 1.4429760140219263 1.3714283188915313 12.172478470105794 12.18429497632602 478.77726777589726 650.2967952702709 0.3060283242785908 4.685646891654929 0.8660215835935183 4.676822056035936 0.2848665782571187 2239129166.304215 3 0.3060283242785908 -2.299823072239484 0.1948775312913285 0.3287853529223228 -0.7670402428553358 -0.9911051927528612 0.0659623445614125 0.2911570882440358 0.6406639453768079 0.09814946 70159.84705213211 0.0690742376983567 321.8816732231522 3 False 0.1353414061547311 51.56505602496222 -3.931956437479968 False 129.219
0.4280265508328761 2427.631726715068 1.4127565496140926 1.3682381717484575 0.0074104587732463 -0.0183068716566981 0.0339645542178027 2.017453862711968 1.9538804371198304 12.157707837330518 12.168047280273212 361.6360644353354 441.22453078910274 2.816254878078729 2.690436529503697 1.641405285727021 0.241651401067295 0.2085431001400699 2226832902.837751 3 0.325337775511064 -2.270211527504429 0.2107784344052339 0.3094458030134781 -0.7617358660546035 -1.0128708597990046 0.0511866224481621 0.3718973911337491 0.7061244490044692 0.050400075 70017.52918793693 0.4280265508328761 2427.631726715068 3 True 0.2843306983923299 51.07510212048594 -4.456313248077547 True 24.111
