6.769551e-01 1.407769e+01 4.104345e+04 2.539062e+08 2.000000e+02
6.843951e-01 1.407336e+01 3.895763e+04 2.539062e+08 2.012700e+02
6.918882e-01 1.406924e+01 3.698116e+04 2.539062e+08 2.025482e+02
6.994338e-01 1.406532e+01 3.510459e+04 2.578125e+08 2.038344e+02
7.070318e-01 1.406160e+01 3.332692e+04 2.578125e+08 2.051288e+02
7.146819e-01 1.405806e+01 3.165055e+04 2.578125e+08 2.064314e+02
7.223840e-01 1.405470e+01 3.005726e+04 2.578125e+08 2.077423e+02
7.301380e-01 1.405152e+01 2.854396e+04 2.578125e+08 2.090615e+02
7.379437e-01 1.404850e+01 2.711332e+04 2.578125e+08 2.103891e+02
7.458011e-01 1.404565e+01 2.575593e+04 2.597656e+08 2.117251e+02
7.537098e-01 1.404294e+01 2.446797e+04 2.597656e+08 2.130696e+02
7.616697e-01 1.404039e+01 2.324741e+04 2.597656e+08 2.144226e+02
7.696807e-01 1.403798e+01 2.209079e+04 2.617188e+08 2.157843e+02
7.777425e-01 1.403570e+01 2.098814e+04 2.617188e+08 2.171545e+02
7.858549e-01 1.403355e+01 1.994986e+04 2.617188e+08 2.185335e+02
7.940177e-01 1.403152e+01 1.895827e+04 2.617188e+08 2.199213e+02
8.022307e-01 1.402961e+01 1.801982e+04 2.617188e+08 2.213178e+02
8.104936e-01 1.402781e+01 1.713208e+04 2.636719e+08 2.227232e+02
8.188061e-01 1.402612e+01 1.629169e+04 2.636719e+08 2.241376e+02
8.271681e-01 1.402454e+01 1.548994e+04 2.636719e+08 2.255609e+02
8.355792e-01 1.402304e+01 1.472586e+04 2.636719e+08 2.269933e+02
8.440392e-01 1.402164e+01 1.400407e+04 2.656250e+08 2.284347e+02
8.525477e-01 1.402033e+01 1.332150e+04 2.656250e+08 2.298853e+02
8.611045e-01 1.401909e+01 1.267159e+04 2.656250e+08 2.313451e+02
8.697092e-01 1.401793e+01 1.205387e+04 2.656250e+08 2.328142e+02
8.783621e-01 1.401684e+01 1.146649e+04 2.666016e+08 2.342927e+02
8.870626e-01 1.401582e+01 1.091027e+04 2.675781e+08 2.357805e+02
8.958103e-01 1.401486e+01 1.038191e+04 2.675781e+08 2.372777e+02
9.046045e-01 1.401396e+01 9.879012e+03 2.675781e+08 2.387845e+02
9.134446e-01 1.401311e+01 9.404416e+03 2.675781e+08 2.403008e+02
9.223299e-01 1.401231e+01 8.950860e+03 2.685547e+08 2.418268e+02
9.312599e-01 1.401156e+01 8.520285e+03 2.685547e+08 2.433625e+02
9.402337e-01 1.401084e+01 8.112147e+03 2.695312e+08 2.449079e+02
9.492508e-01 1.401016e+01 7.722147e+03 2.695312e+08 2.464631e+02
9.583103e-01 1.400951e+01 7.353337e+03 2.695312e+08 2.480282e+02
9.674116e-01 1.400889e+01 7.001883e+03 2.705078e+08 2.496032e+02
9.765538e-01 1.400830e+01 6.668330e+03 2.705078e+08 2.511882e+02
9.857361e-01 1.400772e+01 6.352981e+03 2.705078e+08 2.527834e+02
9.949578e-01 1.400717e+01 6.051167e+03 2.714844e+08 2.543886e+02
1.004218e+00 1.400662e+01 5.765585e+03 2.714844e+08 2.560040e+02
1.013516e+00 1.400608e+01 5.493415e+03 2.714844e+08 2.576297e+02
1.022850e+00 1.400555e+01 5.234636e+03 2.714844e+08 2.592657e+02
1.032221e+00 1.400502e+01 4.989389e+03 2.724609e+08 2.609121e+02
1.041626e+00 1.400449e+01 4.755826e+03 2.724609e+08 2.625689e+02
1.051084e+00 1.400396e+01 4.533089e+03 2.724609e+08 2.642363e+02
1.060672e+00 1.400340e+01 4.318886e+03 2.724609e+08 2.659143e+02
1.070385e+00 1.400284e+01 4.114320e+03 2.734375e+08 2.676029e+02
1.080206e+00 1.400226e+01 3.918010e+03 2.734375e+08 2.693022e+02
1.090117e+00 1.400166e+01 3.730306e+03 2.734375e+08 2.710124e+02
1.100097e+00 1.400104e+01 3.551962e+03 2.744141e+08 2.727333e+02
1.110127e+00 1.400041e+01 3.382056e+03 2.744141e+08 2.744653e+02
1.120185e+00 1.399976e+01 3.220705e+03 2.749023e+08 2.762082e+02
1.130250e+00 1.399909e+01 3.068056e+03 2.753906e+08 2.779622e+02
1.140298e+00 1.399840e+01 2.923523e+03 2.753906e+08 2.797273e+02
1.150306e+00 1.399769e+01 2.786891e+03 2.758789e+08 2.815036e+02
1.160249e+00 1.399695e+01 2.658842e+03 2.758789e+08 2.832912e+02
1.170103e+00 1.399619e+01 2.537943e+03 2.763672e+08 2.850902e+02
1.179841e+00 1.399540e+01 2.424628e+03 2.763672e+08 2.869006e+02
1.189438e+00 1.399458e+01 2.318162e+03 2.763672e+08 2.887225e+02
1.198867e+00 1.399372e+01 2.218708e+03 2.763672e+08 2.905559e+02
1.208101e+00 1.399284e+01 2.125387e+03 2.763672e+08 2.924010e+02
1.217113e+00 1.399192e+01 2.039300e+03 2.763672e+08 2.942578e+02
1.225897e+00 1.399096e+01 1.958313e+03 2.758789e+08 2.961264e+02
1.234502e+00 1.398996e+01 1.882762e+03 2.753906e+08 2.980069e+02
1.242941e+00 1.398890e+01 1.812072e+03 2.753906e+08 2.998993e+02
1.251223e+00 1.398779e+01 1.744768e+03 2.744141e+08 3.018037e+02
1.259359e+00 1.398662e+01 1.681619e+03 2.739258e+08 3.037203e+02
1.267358e+00 1.398539e+01 1.621954e+03 2.729492e+08 3.056489e+02
1.275231e+00 1.398409e+01 1.565378e+03 2.719727e+08 3.075899e+02
1.282990e+00 1.398272e+01 1.511651e+03 2.709961e+08 3.095432e+02
1.290645e+00 1.398127e+01 1.460617e+03 2.700195e+08 3.115088e+02
1.298208e+00 1.397974e+01 1.411961e+03 2.690430e+08 3.134870e+02
1.305691e+00 1.397813e+01 1.365582e+03 2.675781e+08 3.154777e+02
1.313104e+00 1.397643e+01 1.321119e+03 2.666016e+08 3.174810e+02
1.320460e+00 1.397464e+01 1.278450e+03 2.656250e+08 3.194971e+02
1.327772e+00 1.397274e+01 1.237639e+03 2.641602e+08 3.215260e+02
1.335050e+00 1.397075e+01 1.198131e+03 2.626953e+08 3.235678e+02
1.342308e+00 1.396864e+01 1.160182e+03 2.612305e+08 3.256225e+02
1.349557e+00 1.396642e+01 1.123429e+03 2.597656e+08 3.276903e+02
1.356746e+00 1.396410e+01 1.088228e+03 2.583008e+08 3.297712e+02
1.363834e+00 1.396169e+01 1.054626e+03 2.568359e+08 3.318653e+02
1.370831e+00 1.395919e+01 1.022488e+03 2.553711e+08 3.339727e+02
1.377743e+00 1.395660e+01 9.917402e+02 2.539062e+08 3.360935e+02
1.384580e+00 1.395391e+01 9.622579e+02 2.524414e+08 3.382278e+02
1.391349e+00 1.395113e+01 9.339567e+02 2.509766e+08 3.403756e+02
1.398058e+00 1.394824e+01 9.066465e+02 2.490234e+08 3.425371e+02
1.404717e+00 1.394525e+01 8.803258e+02 2.475586e+08 3.447122e+02
1.411333e+00 1.394214e+01 8.548999e+02 2.460938e+08 3.469012e+02
1.417915e+00 1.393893e+01 8.303895e+02 2.441406e+08 3.491041e+02
1.424471e+00 1.393559e+01 8.068431e+02 2.426758e+08 3.513210e+02
1.431010e+00 1.393212e+01 7.837437e+02 2.412109e+08 3.535520e+02
1.437540e+00 1.392852e+01 7.614465e+02 2.392578e+08 3.557971e+02
1.444069e+00 1.392478e+01 7.397372e+02 2.377930e+08 3.580565e+02
1.450607e+00 1.392089e+01 7.186037e+02 2.360840e+08 3.603303e+02
1.457154e+00 1.391686e+01 6.981018e+02 2.343750e+08 3.626185e+02
1.463685e+00 1.391269e+01 6.782092e+02 2.329102e+08 3.649212e+02
1.470198e+00 1.390838e+01 6.588530e+02 2.312012e+08 3.672385e+02
1.476692e+00 1.390395e+01 6.401465e+02 2.294922e+08 3.695705e+02
1.483166e+00 1.389937e+01 6.220275e+02 2.280273e+08 3.719174e+02
1.489619e+00 1.389467e+01 6.044279e+02 2.265625e+08 3.742792e+02
1.496049e+00 1.388983e+01 5.873319e+02 2.250977e+08 3.766559e+02
1.502457e+00 1.388486e+01 5.708648e+02 2.236328e+08 3.790478e+02
1.508842e+00 1.387976e+01 5.548068e+02 2.221680e+08 3.814548e+02
1.515202e+00 1.387452e+01 5.392653e+02 2.207031e+08 3.838771e+02
1.521536e+00 1.386916e+01 5.241993e+02 2.192383e+08 3.863148e+02
1.527843e+00 1.386367e+01 5.096505e+02 2.177734e+08 3.887680e+02
1.534124e+00 1.385805e+01 4.954430e+02 2.163086e+08 3.912368e+02
1.540376e+00 1.385231e+01 4.817015e+02 2.148438e+08 3.937212e+02
1.546600e+00 1.384643e+01 4.684164e+02 2.136230e+08 3.962214e+02
1.552826e+00 1.384041e+01 4.554478e+02 2.124023e+08 3.987375e+02
1.559055e+00 1.383422e+01 4.428255e+02 2.109375e+08 4.012696e+02
1.565279e+00 1.382788e+01 4.305385e+02 2.097168e+08 4.038178e+02
1.571489e+00 1.382141e+01 4.185960e+02 2.082520e+08 4.063821e+02
1.577676e+00 1.381480e+01 4.070018e+02 2.070312e+08 4.089627e+02
1.583832e+00 1.380806e+01 3.957685e+02 2.058105e+08 4.115597e+02
1.589948e+00 1.380122e+01 3.848819e+02 2.045898e+08 4.141732e+02
1.596014e+00 1.379427e+01 3.744350e+02 2.033691e+08 4.168033e+02
1.602022e+00 1.378724e+01 3.642831e+02 2.021484e+08 4.194501e+02
1.607964e+00 1.378013e+01 3.544970e+02 2.011719e+08 4.221137e+02
1.613829e+00 1.377297e+01 3.450688e+02 1.999512e+08 4.247942e+02
1.619608e+00 1.376575e+01 3.360464e+02 1.987305e+08 4.274918e+02
1.625294e+00 1.375850e+01 3.273140e+02 1.975098e+08 4.302064e+02
1.630884e+00 1.375123e+01 3.189764e+02 1.962891e+08 4.329383e+02
1.636390e+00 1.374392e+01 3.109482e+02 1.953125e+08 4.356876e+02
1.641815e+00 1.373656e+01 3.032020e+02 1.940918e+08 4.384543e+02
1.647167e+00 1.372916e+01 2.957315e+02 1.928711e+08 4.412386e+02
1.652450e+00 1.372170e+01 2.885529e+02 1.916504e+08 4.440405e+02
1.657669e+00 1.371418e+01 2.816015e+02 1.901855e+08 4.468603e+02
1.662831e+00 1.370659e+01 2.748414e+02 1.889648e+08 4.496980e+02
1.667940e+00 1.369893e+01 2.683081e+02 1.877441e+08 4.525537e+02
1.673001e+00 1.369119e+01 2.619838e+02 1.865234e+08 4.554275e+02
1.678020e+00 1.368335e+01 2.558037e+02 1.853027e+08 4.583195e+02
1.683003e+00 1.367542e+01 2.498325e+02 1.838379e+08 4.612300e+02
1.687953e+00 1.366738e+01 2.439900e+02 1.826172e+08 4.641589e+02
1.692877e+00 1.365923e+01 2.382895e+02 1.813965e+08 4.671064e+02
1.697757e+00 1.365098e+01 2.327645e+02 1.801758e+08 4.700726e+02
1.702586e+00 1.364266e+01 2.274254e+02 1.787109e+08 4.730577e+02
1.707367e+00 1.363427e+01 2.221923e+02 1.774902e+08 4.760617e+02
1.712101e+00 1.362579e+01 2.171648e+02 1.762695e+08 4.790848e+02
1.716792e+00 1.361722e+01 2.122425e+02 1.749268e+08 4.821271e+02
1.721441e+00 1.360857e+01 2.074623e+02 1.735840e+08 4.851887e+02
1.726051e+00 1.359983e+01 2.028129e+02 1.723633e+08 4.882698e+02
1.730624e+00 1.359099e+01 1.982800e+02 1.711426e+08 4.913704e+02
1.735161e+00 1.358205e+01 1.938591e+02 1.697998e+08 4.944907e+02
1.739665e+00 1.357301e+01 1.895464e+02 1.684570e+08 4.976308e+02
1.744139e+00 1.356386e+01 1.853654e+02 1.672363e+08 5.007909e+02
1.748584e+00 1.355460e+01 1.812534e+02 1.660156e+08 5.039710e+02
1.752997e+00 1.354523e+01 1.772578e+02 1.647949e+08 5.071714e+02
1.757376e+00 1.353576e+01 1.733491e+02 1.634521e+08 5.103920e+02
1.761722e+00 1.352618e+01 1.695549e+02 1.622314e+08 5.136331e+02
1.766033e+00 1.351651e+01 1.658445e+02 1.610107e+08 5.168948e+02
1.770308e+00 1.350674e+01 1.622281e+02 1.596680e+08 5.201772e+02
1.774547e+00 1.349688e+01 1.587006e+02 1.584473e+08 5.234805e+02
1.778750e+00 1.348692e+01 1.552675e+02 1.572266e+08 5.268047e+02
1.782915e+00 1.347687e+01 1.519028e+02 1.561279e+08 5.301500e+02
1.787042e+00 1.346674e+01 1.486519e+02 1.549072e+08 5.335166e+02
1.791130e+00 1.345652e+01 1.454690e+02 1.536865e+08 5.369045e+02
1.795179e+00 1.344622e+01 1.423724e+02 1.525879e+08 5.403140e+02
1.799188e+00 1.343584e+01 1.393578e+02 1.513672e+08 5.437451e+02
1.803157e+00 1.342539e+01 1.364133e+02 1.501465e+08 5.471980e+02
1.807088e+00 1.341485e+01 1.335265e+02 1.489258e+08 5.506728e+02
1.810981e+00 1.340422e+01 1.307466e+02 1.478271e+08 5.541697e+02
1.814837e+00 1.339352e+01 1.280002e+02 1.467285e+08 5.576888e+02
1.818658e+00 1.338272e+01 1.253403e+02 1.455078e+08 5.612303e+02
1.822443e+00 1.337184e+01 1.227341e+02 1.442871e+08 5.647942e+02
1.826194e+00 1.336087e+01 1.201996e+02 1.431885e+08 5.683808e+02
1.829912e+00 1.334981e+01 1.177033e+02 1.420898e+08 5.719901e+02
1.833598e+00 1.333866e+01 1.152885e+02 1.408691e+08 5.756224e+02
1.837251e+00 1.332741e+01 1.129136e+02 1.397705e+08 5.792777e+02
1.840870e+00 1.331607e+01 1.106046e+02 1.386719e+08 5.829563e+02
1.844454e+00 1.330466e+01 1.083431e+02 1.374512e+08 5.866582e+02
1.848004e+00 1.329315e+01 1.061397e+02 1.363525e+08 5.903836e+02
1.851520e+00 1.328157e+01 1.039828e+02 1.352539e+08 5.941327e+02
1.855003e+00 1.326989e+01 1.018755e+02 1.341553e+08 5.979055e+02
1.858454e+00 1.325812e+01 9.981064e+01 1.330566e+08 6.017024e+02
1.861873e+00 1.324626e+01 9.779755e+01 1.319580e+08 6.055233e+02
1.865262e+00 1.323431e+01 9.582967e+01 1.308594e+08 6.093685e+02
1.868621e+00 1.322226e+01 9.391073e+01 1.297607e+08 6.132382e+02
1.871951e+00 1.321012e+01 9.202299e+01 1.286621e+08 6.171324e+02
1.875255e+00 1.319786e+01 9.016982e+01 1.275635e+08 6.210513e+02
1.878534e+00 1.318549e+01 8.835812e+01 1.264648e+08 6.249951e+02
1.881786e+00 1.317301e+01 8.658166e+01 1.254883e+08 6.289640e+02
1.885008e+00 1.316044e+01 8.485049e+01 1.243896e+08 6.329580e+02
1.888198e+00 1.314779e+01 8.316486e+01 1.232910e+08 6.369775e+02
1.891354e+00 1.313505e+01 8.149985e+01 1.223145e+08 6.410224e+02
1.894473e+00 1.312226e+01 7.988601e+01 1.212158e+08 6.450930e+02
1.897552e+00 1.310942e+01 7.830663e+01 1.202393e+08 6.491895e+02
1.900590e+00 1.309654e+01 7.676352e+01 1.192627e+08 6.533120e+02
1.903584e+00 1.308364e+01 7.526003e+01 1.181641e+08 6.574607e+02
1.906535e+00 1.307070e+01 7.380737e+01 1.171875e+08 6.616357e+02
1.909446e+00 1.305773e+01 7.237639e+01 1.160889e+08 6.658373e+02
1.912318e+00 1.304472e+01 7.099086e+01 1.151123e+08 6.700655e+02
1.915152e+00 1.303166e+01 6.963336e+01 1.141357e+08 6.743205e+02
1.917951e+00 1.301855e+01 6.830681e+01 1.130371e+08 6.786026e+02
1.920716e+00 1.300537e+01 6.701066e+01 1.120605e+08 6.829119e+02
1.923449e+00 1.299214e+01 6.573666e+01 1.109619e+08 6.872486e+02
1.926150e+00 1.297882e+01 6.449280e+01 1.099854e+08 6.916127e+02
1.928823e+00 1.296542e+01 6.327558e+01 1.088867e+08 6.960046e+02
1.931467e+00 1.295194e+01 6.208205e+01 1.079102e+08 7.004244e+02
1.934081e+00 1.293838e+01 6.091917e+01 1.068115e+08 7.048723e+02
1.936665e+00 1.292474e+01 5.977224e+01 1.058350e+08 7.093484e+02
1.939217e+00 1.291104e+01 5.865372e+01 1.047974e+08 7.138529e+02
1.941736e+00 1.289728e+01 5.755661e+01 1.037598e+08 7.183860e+02
1.944222e+00 1.288346e+01 5.648581e+01 1.027832e+08 7.229479e+02
1.946673e+00 1.286960e+01 5.543637e+01 1.016846e+08 7.275388e+02
1.949088e+00 1.285570e+01 5.441341e+01 1.007080e+08 7.321588e+02
1.951467e+00 1.284176e+01 5.341113e+01 9.960938e+07 7.368082e+02
1.953813e+00 1.282778e+01 5.243037e+01 9.863281e+07 7.414871e+02
1.956132e+00 1.281370e+01 5.147051e+01 9.759521e+07 7.461957e+02
1.958422e+00 1.279955e+01 5.053003e+01 9.655762e+07 7.509342e+02
1.960678e+00 1.278536e+01 4.960932e+01 9.552002e+07 7.557028e+02
1.962896e+00 1.277116e+01 4.871100e+01 9.448242e+07 7.605017e+02
1.965074e+00 1.275696e+01 4.783199e+01 9.350586e+07 7.653311e+02
1.967207e+00 1.274279e+01 4.698010e+01 9.240723e+07 7.701911e+02
1.969292e+00 1.272868e+01 4.615175e+01 9.143066e+07 7.750820e+02
1.971327e+00 1.271466e+01 4.535080e+01 9.033203e+07 7.800039e+02
1.973311e+00 1.270074e+01 4.456714e+01 8.923340e+07 7.849571e+02
1.975249e+00 1.268688e+01 4.380914e+01 8.825684e+07 7.899418e+02
1.977142e+00 1.267309e+01 4.307471e+01 8.715820e+07 7.949581e+02
1.978992e+00 1.265933e+01 4.235391e+01 8.605957e+07 8.000063e+02
1.980804e+00 1.264561e+01 4.165165e+01 8.496094e+07 8.050865e+02
1.982578e+00 1.263189e+01 4.097119e+01 8.380127e+07 8.101990e+02
1.984318e+00 1.261817e+01 4.030325e+01 8.264160e+07 8.153439e+02
1.986025e+00 1.260443e+01 3.964582e+01 8.154297e+07 8.205215e+02
1.987699e+00 1.259066e+01 3.900749e+01 8.032227e+07 8.257320e+02
1.989337e+00 1.257691e+01 3.838296e+01 7.910156e+07 8.309756e+02
1.990938e+00 1.256317e+01 3.776795e+01 7.800293e+07 8.362525e+02
1.992504e+00 1.254944e+01 3.717444e+01 7.678223e+07 8.415629e+02
1.994037e+00 1.253571e+01 3.658959e+01 7.556152e+07 8.469070e+02
1.995535e+00 1.252197e+01 3.601531e+01 7.434082e+07 8.522850e+02
1.997002e+00 1.250822e+01 3.545502e+01 7.312012e+07 8.576972e+02
1.998437e+00 1.249444e+01 3.490755e+01 7.189941e+07 8.631438e+02
1.999841e+00 1.248063e+01 3.437016e+01 7.067871e+07 8.686250e+02
2.001215e+00 1.246680e+01 3.384138e+01 6.939697e+07 8.741409e+02
2.002556e+00 1.245295e+01 3.332704e+01 6.811523e+07 8.796919e+02
2.003866e+00 1.243909e+01 3.281755e+01 6.689453e+07 8.852782e+02
2.005144e+00 1.242522e+01 3.232436e+01 6.561279e+07 8.908999e+02
2.006389e+00 1.241136e+01 3.183774e+01 6.433105e+07 8.965573e+02
2.007601e+00 1.239750e+01 3.136188e+01 6.304932e+07 9.022506e+02
2.008780e+00 1.238365e+01 3.089778e+01 6.176758e+07 9.079801e+02
2.009925e+00 1.236983e+01 3.044463e+01 6.042480e+07 9.137460e+02
2.011037e+00 1.235602e+01 2.999828e+01 5.914307e+07 9.195485e+02
2.012117e+00 1.234223e+01 2.956661e+01 5.780029e+07 9.253878e+02
2.013166e+00 1.232845e+01 2.913822e+01 5.651855e+07 9.312643e+02
2.014184e+00 1.231467e+01 2.872293e+01 5.517578e+07 9.371780e+02
2.015171e+00 1.230088e+01 2.831398e+01 5.383301e+07 9.431293e+02
2.016130e+00 1.228708e+01 2.791119e+01 5.242920e+07 9.491184e+02
2.017059e+00 1.227325e+01 2.752133e+01 5.108643e+07 9.551455e+02
2.017960e+00 1.225941e+01 2.713427e+01 4.968262e+07 9.612109e+02
2.018831e+00 1.224556e+01 2.675488e+01 4.833984e+07 9.673148e+02
2.019673e+00 1.223170e+01 2.638513e+01 4.699707e+07 9.734574e+02
2.020487e+00 1.221784e+01 2.602123e+01 4.559326e+07 9.796391e+02
2.021271e+00 1.220397e+01 2.566040e+01 4.418945e+07 9.858600e+02
2.022026e+00 1.219011e+01 2.531388e+01 4.278564e+07 9.921205e+02
2.022752e+00 1.217624e+01 2.496905e+01 4.138184e+07 9.984207e+02
2.023451e+00 1.216235e+01 2.463130e+01 3.991699e+07 1.004761e+03
2.024125e+00 1.214839e+01 2.429897e+01 3.857422e+07 1.011141e+03
2.024771e+00 1.213441e+01 2.397281e+01 3.710938e+07 1.017562e+03
2.025389e+00 1.212045e+01 2.365367e+01 3.564453e+07 1.024024e+03
2.025976e+00 1.210655e+01 2.334128e+01 3.424072e+07 1.030527e+03
2.026532e+00 1.209275e+01 2.303657e+01 3.283691e+07 1.037071e+03
2.027055e+00 1.207910e+01 2.274142e+01 3.137207e+07 1.043657e+03
2.027545e+00 1.206563e+01 2.245427e+01 2.990723e+07 1.050284e+03
2.028006e+00 1.205228e+01 2.217568e+01 2.844238e+07 1.056954e+03
2.028437e+00 1.203904e+01 2.190453e+01 2.697754e+07 1.063665e+03
2.028840e+00 1.202591e+01 2.164082e+01 2.551270e+07 1.070420e+03
2.029215e+00 1.201288e+01 2.138090e+01 2.404785e+07 1.077217e+03
2.029563e+00 1.199996e+01 2.113209e+01 2.252197e+07 1.084058e+03
2.029883e+00 1.198715e+01 2.088635e+01 2.099609e+07 1.090942e+03
2.030177e+00 1.197445e+01 2.064858e+01 1.953125e+07 1.097870e+03
2.030444e+00 1.196191e+01 2.041724e+01 1.794434e+07 1.104841e+03
2.030685e+00 1.194950e+01 2.019421e+01 1.635742e+07 1.111857e+03
2.030901e+00 1.193718e+01 1.997304e+01 1.477051e+07 1.118918e+03
2.031094e+00 1.192492e+01 1.975899e+01 1.318359e+07 1.126023e+03
2.031263e+00 1.191269e+01 1.954697e+01 1.159668e+07 1.133174e+03
2.031410e+00 1.190045e+01 1.933920e+01 1.000977e+07 1.140370e+03
2.031534e+00 1.188819e+01 1.913413e+01 8.300781e+06 1.147611e+03
2.031634e+00 1.187596e+01 1.893544e+01 6.713867e+06 1.154899e+03
2.031712e+00 1.186377e+01 1.873691e+01 5.004883e+06 1.162233e+03
2.031767e+00 1.185160e+01 1.854438e+01 3.295898e+06 1.169613e+03
2.031800e+00 1.183947e+01 1.835620e+01 1.586914e+06 1.177041e+03