2.529924460315811356e-11 1.061056542658331626e-19
3.388250358340275786e-11 1.748377360801863745e-19
4.534193393951996606e-11 3.481400530803891550e-19
6.063906204840654306e-11 7.235696462013625612e-19
8.105529549986297639e-11 1.478394066877636141e-18
1.082973933314382088e-10 2.930390776078932360e-18
1.446373552419667782e-10 5.641899121944470393e-18
1.930982240608487951e-10 1.059423002116533320e-17
2.577020962187361976e-10 1.947113873913071113e-17
3.438051539277393181e-10 3.509733109158312798e-17
4.585615636328632415e-10 6.205889883331610434e-17
6.115954287187466019e-10 1.074221652533680050e-16
8.159760546539420761e-10 1.815933128484715184e-16
1.089126010650489407e-09 3.030630359874154043e-16
1.454236052558293980e-09 5.045882419069746053e-16
1.942336671432479526e-09 8.422311865149296308e-16
2.594938314690063878e-09 1.411531690767987423e-15
3.467514217988022471e-09 2.373873715373724607e-15
4.634007960108933294e-09 3.997719866200747105e-15
6.192438954344848314e-09 6.718604206749000066e-15
8.272688652993305126e-09 1.124412424604293664e-14
1.104927593242644829e-08 1.876340854252841477e-14
1.475643291728922849e-08 3.118497956895558348e-14
1.970889735497690838e-08 5.152618039744467339e-14
2.632572910521135528e-08 8.486956608542477377e-14
3.516502225118395903e-08 1.394335497519057163e-13
4.696977740265593954e-08 2.280887427211776264e-13
6.273347483908848847e-08 3.721088159003433940e-13
8.378653660496106102e-08 6.056889815178987130e-13
1.119124938587397150e-07 9.811657249599662603e-13
1.494945787459246963e-07 1.583613775344372205e-12
1.997097944063331399e-07 2.551077878716457925e-12
2.667922020411514704e-07 4.093701717939936733e-12
3.563913025553868925e-07 6.540412645523779073e-12
4.760604135711306575e-07 1.041239764633979425e-11
6.358839833334149811e-07 1.646463993638848976e-11
8.493280941362010091e-07 2.584167185197533512e-11
1.134392595545115490e-06 4.053738484025322487e-11
1.515158886142251830e-06 6.379666683053320459e-11
2.023852790723855580e-06 1.005254778500272060e-10
2.703448954472551789e-06 1.566547990369636072e-10
3.611225104900582634e-06 2.367165729106948316e-10
4.823588552236768417e-06 3.443510896875091051e-10
6.443419579277493060e-06 5.189123192784857294e-10
8.607739713070064171e-06 8.003964831216833497e-10
1.149893636874578279e-05 1.222075384377412172e-09
1.536062253993252278e-05 1.840664232881080366e-09
2.051832901340982485e-05 2.760590056882571892e-09
2.740662826523875470e-05 4.139026028631402609e-09
3.660573453000552408e-05 6.191740673639039502e-09
4.889080206431381748e-05 9.209150203022340787e-09
6.530291145807526668e-05 1.371206844675259160e-08
8.724648098169552344e-05 2.059683963861539254e-08
1.165864591058295098e-04 3.084496203702282782e-08
1.557468128434561546e-04 4.452365840688363078e-08
2.079824595560220905e-04 6.307167397640025180e-08
2.778281019867990349e-04 9.402079368839615226e-08
3.710970097214408032e-04 1.394150435138111438e-07
4.958532161130662285e-04 2.058935871194809733e-07
6.627708429539969949e-04 2.991322000723916103e-07
8.851185858906678548e-04 4.190021139497827770e-07
1.182121931039049195e-03 6.138672612148689595e-07
1.579163125189286636e-03 9.046738284574128559e-07
2.109737844738957153e-03 1.293872407838154323e-06
2.818493586926062045e-03 1.880354588608162714e-06
3.765716520476744718e-03 2.781650054895630471e-06
5.030960975853379993e-03 4.109360631895754294e-06
6.720922964196391833e-03 5.848451530180642621e-06
8.983104702021195084e-03 8.461029691960461027e-06
1.199553224710597950e-02 1.247033984339945022e-05
1.603569652927125389e-02 1.797408012935252221e-05
2.141495157934921595e-02 2.552533717215904564e-05
2.865882854035546254e-02 3.782222747579294734e-05
3.826758356819091184e-02 5.396837030464893281e-05
5.114437591140442996e-02 7.735207087368315727e-05
6.835534371450532887e-02 1.104039839955697110e-04
9.136463630705138339e-02 1.570653809076530091e-04
1.220777005414415417e-01 2.224916264390408398e-04
1.631425052139769682e-01 3.138425036005941093e-04
2.180457863598178614e-01 4.118940205193690244e-04
2.913519359796963859e-01 4.697541682978105993e-04
3.893049196110074384e-01 5.446923478320714633e-04
5.202873801090065475e-01 6.518571207229842792e-04
6.950520916642048963e-01 8.106724361621447245e-04
9.281700641027791354e-01 1.049216902995918875e-03
1.240399097513662729e+00 1.411567043132613006e-03
1.657854370973255609e+00 1.961951038428407564e-03
2.215226671574547890e+00 2.797632226984429499e-03
2.960172800933835280e+00 4.063305490150272495e-03
3.955744426264594438e+00 5.968987909966620535e-03
5.285553613706502674e+00 8.815273429701552324e-03
7.062744038506278521e+00 1.303918991027625332e-02
9.436500136854750309e+00 1.925200616467539344e-02
1.261409869015238883e+01 2.834313264874366300e-02
1.686779775510187918e+01 4.160198189317734774e-02
2.254801383864381492e+01 6.098244522360454778e-02
5.660076310000000177e+01 1.964827033200000073e-01
8.515357620000000338e+01 7.720746633000000747e-01
1.139307728999999938e+02 1.949847411599999747e+00
1.429884490999999969e+02 3.823548413399999735e+00
1.723827006999999867e+02 6.491169359999998889e+00
2.021696235999999942e+02 1.013621061599999962e+01
2.324614095999999961e+02 1.491096500099999922e+01
2.633141545999999948e+02 2.097147023999999860e+01
2.948400503999999955e+02 2.846752254900000167e+01
3.275439600999999925e+02 3.564525789900000063e+01
3.611454041999999731e+02 4.321620831599999946e+01
3.954760949999999866e+02 5.188566431699999981e+01
4.305921283999999787e+02 6.168483344699999549e+01
4.664374085000000036e+02 7.171493841000000202e+01
5.030119353000000046e+02 8.245033388999999602e+01
5.402596128999999792e+02 9.412195571999998833e+01
5.783487290000000485e+02 1.067298038999999932e+02
6.170548999999999751e+02 1.203362935199999839e+02
6.563220300000000407e+02 1.350662547599999925e+02
6.967110780000000432e+02 1.507948574399999870e+02
7.376610849999999573e+02 1.675845166500000119e+02
7.797330100000000357e+02 1.854976474799999835e+02
8.223658940000000257e+02 2.034731933999999853e+02
8.655597370000000410e+02 2.219480600399999730e+02
9.093145389999999679e+02 2.411094926700000087e+02
9.541912589999999454e+02 2.610199063799999522e+02
9.996289379999999483e+02 2.816168860799999720e+02
1.046188535000000002e+03 3.030876770400000169e+02
1.093309091000000080e+03 3.239967321899999888e+02
1.140990606000000071e+03 3.443440515300000015e+02
1.189233079999999973e+03 3.649410312300000214e+02
1.238597471999999925e+03 3.859125014699999952e+02
1.287961863999999878e+03 4.072584622500000364e+02
1.338448173999999881e+03 4.291037437499999783e+02
1.388934483999999884e+03 4.513859308799999894e+02
1.441103671000000077e+03 4.741674387300000149e+02
1.493272858000000042e+03 4.973858522100000528e+02
1.546003003999999919e+03 5.209163411399999859e+02
1.599855068000000074e+03 5.446964904299999262e+02
