redshift luminosity_distance mass_1_source mass_2_source chi_eff chi_1 chi_2 mass_1 mass_2 radius_1 radius_2 lambda_1 lambda_2 theta_jn phase psi ra dec geocent_time prompt_collapse inclination_EM log10_mej_dyn v_ej_dyn Ye_dyn log10_mdisk log10_mej_wind v_ej_wind Ye_wind chi_BH Ebv trigger_time redshift luminosity_distance prompt_collapse has_grb thetaCore log10_Ekin_iso log10_n0 afterglow_detected snr
0.0675178068121922 314.28899940556977 1.3694151094539848 1.3460439825090091 0.0018087376552555 0.0 0.0036488801070113 1.461875014259796 1.4369259200807665 12.168047280273212 12.173955533383324 439.4340199860591 486.91215167792745 2.6873422918819565 4.6341186984351 1.4606956433591538 4.056937116716585 0.7120579779282747 2221563938.0208287 2 0.4542503617078368 -2.28409531110814 0.2037277811580436 0.2498918995378215 -0.7535879590548162 -0.9402293255399468 0.1051218015744362 0.309794949540658 0.6799953848327193 0.01901559 69956.54579885218 0.0675178068121922 314.28899940556977 2 False 0.1973059845945435 51.246724888892906 -2.580300748215823 False 79.506
0.4659737497045907 2685.2770203827545 1.3503815652374005 1.3210557133027514 0.0042982159794196 0.00850308882632 0.0 1.9796239267230265 1.936632997599108 12.172478470105794 12.178386723215905 478.4299878201598 545.3703011883302 2.8227570752172726 2.05631567316347 2.035447020744915 3.05321129917512 0.5449190149284561 2221273322.7382684 3 0.3188355783725208 -2.297230154843254 0.1990241159910823 0.2402727280191832 -0.7557996753002678 -0.933240038196979 0.1464125680259208 0.2730626405643135 0.6603069016106924 0.020913165 69953.18219604477 0.4659737497045907 2685.2770203827545 3 False 0.2132795902363621 51.1297912768798 -1.362324283682316 True 12.078
0.2076959412460591 1056.1169681883548 1.3327166311097107 1.2186810748641923 0.0080521859024808 0.015415376502474 0.0 1.609516466222319 1.47179618778687 12.175432596660851 12.191680292713654 518.3014488189851 875.4724776421041 0.5800710426562201 0.918536470794688 1.643664080048457 3.1277133812216578 0.5351423651746676 2221620851.1464243 3 0.5800710426562201 -2.3161637276910145 0.1861684910959058 0.2277060270245464 -0.7672026187552057 -1.1087893626660104 0.0899531001604799 0.2143485305497139 0.5938329271686191 0.017428214 69957.20451558361 0.2076959412460591 1056.1169681883548 3 False 0.0945456790979603 51.91734160784142 -0.0300782324305863 False 22.717
0.2568893910754447 1342.2475005590777 1.379868890747237 1.328603593174986 0.0153103195725679 0.0300518256193893 0.0 1.734342569855244 1.669907761206356 12.166570216995686 12.176909659938378 419.2944264443562 527.5595804166405 0.3844618802327643 3.24178157692182 2.6611556432359373 5.304463387840105 -0.701766979002558 2227218798.62994 3 0.3844618802327643 -2.277271677289586 0.2029808994775838 0.2308921652105092 -0.7632999991528909 -1.628008933090055 0.1149613757346191 0.3421940350274395 0.676483786144583 0.05584804 70021.99557442061 0.2568893910754447 1342.2475005590777 3 True 0.2276332528694904 51.53237577259369 -0.6230443008988189 True 20.989
0.186830778081771 938.6080361556056 1.3463795436896266 1.3054146680481575 0.0065258026571362 0.0128530515739372 0.0 1.5979246814305397 1.5493063061989516 12.173955533383324 12.179863786493437 486.4022080497507 586.4505577597062 2.0285116662230984 0.7767725008762815 2.556745300204797 0.1508317079367525 0.1444686022566438 2221397983.651757 3 1.1130809873666947 -2.302423858630154 0.196933968237324 0.283596148724766 -0.7600367251640782 -0.968570102135492 0.0755640074404987 0.3011207716240184 0.6508034252136392 0.049647585 69954.62503069163 0.186830778081771 938.6080361556056 3 False 0.0937029583001941 51.87968313370664 -1.3910792778042431 False 16.8
0.4005667433867061 2244.8023167271194 1.416194909381738 1.3355814446987255 0.0066466752570451 0.0 0.013694532728189 1.983475492233612 1.8705709545294065 12.156395423341396 12.175432596660851 356.2206071349064 510.7201489504316 0.1216394601303898 2.1833286743500264 0.4302181181289189 2.202025797825437 -0.1609658997615115 2236642642.126836 2 0.1216394601303898 -2.254425660410925 0.2076640102007987 0.1865683338369991 -0.7694230363280428 -1.040209755185772 0.13837416584347 0.2771447327332911 0.6937885624367479 0.050713107 70131.06783711615 0.4005667433867061 2244.8023167271194 2 True 0.1295470260227428 51.72335369803754 -4.481771376781659 True 20.125
0.3847724660789315 2141.064234606425 1.386668223732936 1.3749903465158848 0.0204765245176267 0.0407806052343095 0.0 1.9202199758119487 1.9040487729795263 12.165093153718155 12.166570216995686 405.7616361907911 427.9854072589769 2.5902184591412523 3.649782224077575 0.0243714402350741 1.5272022721528278 0.5559499334197248 2234948329.7081933 3 0.5513741944485411 -2.2782525404629297 0.2086771070200005 0.3298233266937783 -0.7490803328516032 -1.2358052423435604 0.0568835237926817 0.2368098627943989 0.6990588592241681 0.48452222 70111.45773967817 0.3847724660789315 2141.064234606425 3 True 0.3569928175494424 51.03794815549561 -2.2414415007930617 True 13.978
0.2683237532631938 1410.520751308159 1.3718019403816977 1.204015953563382 0.0062644258533811 0.0117626457095851 0.0 1.739888985758647 1.527082033212272 12.168047280273212 12.192889070137657 434.8283472822783 937.7232198906798 2.642881955266032 2.239027313171426 1.2069180316179178 5.3625798886866844 0.1956567964024089 2226415226.548652 4 0.4987106983237611 -2.231422241570389 0.1886733922568564 0.3135194801301768 -0.7451739274616376 -0.943756055033528 0.1348130123025859 0.3788304875710359 0.6039445012858344 0.13858007 70012.69497162792 0.2683237532631938 1410.520751308159 4 False 0.3411905631083727 50.69032182529628 -4.095249097773395 True 18.645
0.3980331551205867 2228.09071532403 1.4061063287191635 1.3275918785060692 0.0153187902642664 0.0 0.0315435414755688 1.965783267174277 1.8560174626203063 12.160661963885577 12.176909659938378 372.3611253836383 530.1544092810155 0.1751180985975357 3.5286098508328787 0.8322648667619211 1.9702487419268493 1.0239026358498773 2216131692.1331134 2 0.1751180985975357 -2.257917546952753 0.2056969260329616 0.2534402836162016 -0.7690523289549677 -1.220993676564473 0.0723471766149413 0.396221395574052 0.6864518978208138 0.050124053 69893.67258255919 0.3980331551205867 2228.09071532403 2 True 0.3615332289640905 51.00391719414317 -0.1086655734723747 True 37.977
0.135612245490427 660.3792790578775 1.3998716425772182 1.3285167067764223 0.0387681816656471 0.0 0.0796186112245692 1.5897113794254871 1.50867984055392 12.162139027163102 12.176909659938378 383.45047423004473 527.6009711813106 1.210095347348531 5.579129544442316 2.4012348975548816 4.727051229768162 -0.525371235336775 2232734370.6089435 2 1.210095347348531 -2.26299996017282 0.2051210065287955 0.1780960531586312 -0.767964828045217 -1.152057532778244 0.0529161127680251 0.240547238843326 0.684446672323195 0.62595606 70085.83321306648 0.135612245490427 660.3792790578775 2 True 0.0468070745699639 52.70497151540686 -2.0260112486962805 True 20.885
0.1017627996476664 484.8263702662004 1.3804578361419122 1.3735023659138048 0.0048661192739729 0.0097077204881759 0.0 1.5209370903432728 1.5132738119918872 12.166570216995686 12.168047280273212 417.1222463346178 431.50943799264354 0.8087943444908596 1.5396522985441643 0.0354994392513132 1.3726099162841152 0.5034079048422394 2227993220.9756126 2 0.8087943444908596 -2.27932216153544 0.2078372598979849 0.2287468610256744 -0.7468997428985914 -1.178384647218498 0.0689376345518678 0.2028200784720329 0.6959934923544522 0.5569082 70030.95879601403 0.1017627996476664 484.8263702662004 2 True 0.0381603273469816 52.96352050147812 -3.4232220241930627 True 40.105
0.2690911850119842 1415.126246319996 1.4297777997045962 1.3374901011666565 0.0008009407198411 0.0015501832137658 0.0 1.8145184021309333 1.6973968974313909 12.153276647497934 12.175432596660851 336.0293402250017 506.6178011134475 2.7005494695525085 0.3935884564683253 0.8349435935458839 3.824811070161711 0.1960324934601448 2221028955.0238576 3 0.4410431840372847 -2.2458596676529035 0.2093351072680184 0.1767152248504835 -0.7704617810980555 -1.2933870423419536 0.074492728621082 0.2845104565847041 0.6994534973160137 0.023623576 69950.35386601687 0.2690911850119842 1415.126246319996 3 True 0.3207316386234703 51.15936509084919 -4.628523564399332 True 28.236
0.2624368335804627 1375.289329117741 1.338881694701583 1.2992850522869606 0.006595433349791 0.0129958106188584 0.0 1.6902535671979102 1.6402653073275766 12.175190133225517 12.181340849770962 502.9104423525191 602.2106197588655 0.2699180205184449 2.6518693790822745 2.152619415166944 4.165398054571139 -0.5718211476607771 2219521614.074266 3 0.2699180205184449 -2.310025786754588 0.1954793561653237 0.2158171307260961 -0.7595773488423374 -0.9207496833440744 0.1477947624721933 0.376921180747817 0.6442387351185149 0.23908205 69932.90779021141 0.2624368335804627 1375.289329117741 3 False 0.0654570517260428 52.0821634394852 -0.2300624387840226 True 21.081
0.0723532636158672 337.9274852729214 1.3526332153065426 1.3464468694574714 0.0143544693829818 0.0 0.0287748913958798 1.450500642909195 1.443866694748087 12.172478470105794 12.173955533383324 473.76913053583377 486.3818512821504 2.3096716591894983 2.9601303146943865 2.164211472834326 4.138133395669911 0.9329260693231738 2210538698.4750824 4 0.8319209944002949 -2.290784777769194 0.2019642665055618 0.197400834544605 -0.74602304369391 -1.0908081426088247 0.0636850996179538 0.3007030045859363 0.6729793198337187 0.013431398 69828.9388596653 0.0723532636158672 337.9274852729214 4 False 0.09130744281584 52.11893308151223 -1.110415430734082 True 73.838
0.1440142307923393 704.9981486492375 1.331831855776176 1.2269294324986493 0.0053324500260698 0.0102448868745639 0.0 1.523634596030516 1.4036247309564236 12.175432596660851 12.190203229436127 519.4006560853721 842.0097899292697 2.3778873147940978 3.9991402056377288 0.5783374496661762 6.251048956092814 -0.5920702160131024 2230253357.453552 3 0.7637053387956955 -2.31975990968178 0.18698095102192 0.2715309579605317 -0.7686916260372724 -0.9702467722766108 0.1236051573646696 0.3909811899072254 0.598858814417932 0.010228317 70057.11778302722 0.1440142307923393 704.9981486492375 3 False 0.333812069758538 50.6608399893201 -1.241928277359766 True 28.664
0.2013459213045155 1020.1062994253408 1.5879919503249065 1.3320998193372675 0.0065013346506251 0.0119550315108496 0.0 1.907727652587229 1.6003126847313085 12.089762926564244 12.175432596660851 168.1207308126872 519.0516313573829 3.024207290902706 5.451057146621383 1.1476217405527418 5.352117378657838 -0.7950979951126449 2213981127.434321 1 0.1173853626870871 -3.3637994986991213 0.2315206896136179 0.3163820457435417 -1.8061848788525037 -2.658515778987854 0.054376321456487 0.3468937911823055 0.7425872161502244 0.041706007 69868.78178743427 0.2013459213045155 1020.1062994253408 1 True 0.1281815664888241 51.045586046324686 -3.7150271378013233 True 76.211
0.1486941104063847 730.0273765420698 1.3743443799833814 1.3637558684317068 0.0087637805819674 0.0174600414117678 0.0 1.578701294957025 1.5665383340996462 12.168047280273212 12.16952434355074 428.8092570850968 450.77831668127374 0.8723489526989983 3.8648954427203694 0.1435880598432629 3.617824328285863 0.5830598372805191 2221374114.478185 2 0.8723489526989983 -2.281223236875577 0.2061448765225269 0.3219834674530619 -0.7483370350055877 -0.8978297935243903 0.1239868250376019 0.2295487634510999 0.6895618110315757 0.018508863 69954.34876710862 0.1486941104063847 730.0273765420698 2 False 0.1304645539425501 51.54452604505962 -1.2490151545631751 True 28.073
0.0666199773009747 309.91610027734936 1.412947804491087 1.369626595564639 0.0114330248177876 0.0 0.0232276755403267 1.5070783551537454 1.4608710882719669 12.157707837330518 12.168047280273212 361.7192451278696 439.1514043508036 2.162118531759288 3.982602021907108 1.6305245230114331 1.2058203525476157 -0.603981625670523 2215284978.09957 3 0.9794741218305052 -2.2706114124918857 0.2109433898711106 0.2258956432222773 -0.7613755848808763 -1.193590168927828 0.064449949123058 0.3378858063411171 0.7066807975684032 0.021267435 69883.8726516154 0.0666199773009747 309.91610027734936 3 True 0.07249450008025 52.4296521095652 -1.118362546600313 True 58.528
0.3540058159033648 1942.061762241691 1.356782422548453 1.1772134985223877 0.0105228219348229 0.0196529579229891 0.0 1.837091291046062 1.59395392355926 12.171001406828267 12.194634419268713 464.4120225713408 1065.6190887462133 0.6071401319317687 3.535151305225688 1.512987920579422 5.616681781052535 -0.3968312853863975 2237229682.578487 4 0.6071401319317687 -2.2419465441995547 0.1841109503802641 0.3045248822200743 -0.735005013237662 -0.8575332471733261 0.1428491039307544 0.2019227425671634 0.5777354163303167 0.04895355 70137.86228678805 0.3540058159033648 1942.061762241691 4 False 0.0983249225074077 51.47818551770581 -0.3396212840372357 False 12.939
0.2569642595029299 1342.6924089883564 1.3613010027645565 1.3433175911595665 0.0075545318500742 0.0 0.0152101985744603 1.7111067069005466 1.688502201249144 12.16952434355074 12.173955533383324 454.7527414129823 494.0624510087569 2.234335269134359 5.699373695069977 1.5447173190005945 6.258169731878994 -0.4067274454234265 2223280040.302339 3 0.9072573844554342 -2.2879007570749965 0.2025773843419747 0.3321137331162306 -0.7512879763093553 -1.061342208467525 0.1394346950984922 0.3268808037449198 0.6753559892879331 0.022143856 69976.40809377708 0.2569642595029299 1342.6924089883564 3 False 0.0982369092890043 52.00502254231614 -3.129931069404275 False 14.188
0.2796903864323913 1479.030226686269 1.4346391687968336 1.2201737075342889 0.0128354686967914 0.0237521519773956 0.0 1.8358939523086648 1.5614445633091976 12.151799584220408 12.191680292713654 328.6451886906022 868.8184125322388 2.651956029442988 5.849469708910515 1.377361650846502 0.4765242686753504 0.3373474937336984 2225972525.4413514 4 0.4896366241468054 -2.137009919948187 0.1972323687566726 0.1814129001530628 -0.714306212528786 -0.9250229465179404 0.1092738214031149 0.3345091043119121 0.641465576709991 0.075207055 70007.57111621935 0.2796903864323913 1479.030226686269 4 False 0.2620418746704923 50.99617056659486 -2.397877289782236 False 18.269
0.2547209158652795 1329.3734639505474 1.4761513818399792 1.2547373742571153 0.0215625801899302 0.0398909004303637 0.0 1.8521580137780564 1.5743452273982836 12.138506014722658 12.187249102881072 273.43287628678314 739.0919582161426 0.6520327112183117 6.062009100484796 2.689472913824793 0.696649176224319 -0.3880224643008667 2227599874.2126102 2 0.6520327112183117 -2.117118950050085 0.2056323724279481 0.2517050651909049 -0.7139111261859529 -1.031519188893705 0.0681966818540637 0.2313309085393183 0.6759510498274187 0.021554785 70026.40617144224 0.2547209158652795 1329.3734639505474 2 False 0.1469448145556146 51.66734106277915 -4.583573159954531 True 18.628
0.1752035960777076 874.1552210458804 1.395594359798349 1.3126984069628158 0.0135346979211666 0.0 0.0279241022048649 1.6401075103007858 1.5426878884281792 12.162139027163102 12.179863786493437 390.6532851116712 566.4711054914219 0.8546799811208569 6.11906657420779 2.33888876477467 0.9349422836644156 0.4824521574561042 2232293293.7211647 3 0.8546799811208569 -2.2602560064309785 0.2029821859044015 0.3184631107048915 -0.7694077788271659 -1.0111641159705334 0.0707582661439157 0.3110407060779461 0.6755092621687976 0.18325222 70080.72815649497 0.1752035960777076 874.1552210458804 3 False 0.4351124527287394 50.62144311070848 -2.049689133072897 False 22.853
0.3141805357163042 1690.7276529525818 1.3433839186747507 1.212329176413883 0.0043075305179343 0.0081948369331672 0.0 1.765448997916652 1.5932194065241023 12.173955533383324 12.191680292713654 493.89360309018167 901.8446910836624 2.325578444573453 2.488924015430267 2.4088328100070977 5.353398068296464 -0.6935885745860683 2217993811.306531 3 0.8160142090163404 -2.292554575628316 0.1865935882762004 0.2743977269911242 -0.762651642799643 -0.9268737909811536 0.0682167452287349 0.2353061811209234 0.5952482264567264 0.049223024 69915.22488780707 0.3141805357163042 1690.7276529525818 3 False 0.1797795872940671 51.126826300013086 -3.274092044522125 True 12.349
0.238179028583949 1231.9486691704085 1.48448294807507 1.2590630127987112 0.0037849240109705 0.0069951042522768 0.0 1.838055654597027 1.5589454181130886 12.1355518881676 12.187249102881072 264.26189985756065 724.5731611760991 2.2199010034921214 5.382092023032941 2.577953955650477 3.1306476311389466 0.656296745485093 2216113603.8822327 2 0.9216916500976716 -2.111779004001485 0.2070378930413501 0.2375345489863328 -0.7114551535959192 -1.1292232183678446 0.0854537624830176 0.3251845968834448 0.6808895373390106 0.015981337 69893.46322780362 0.238179028583949 1231.9486691704085 2 True 0.0502764183104571 52.73887516654951 -1.7784174445966046 True 15.14
0.1031542637844222 491.9079409904221 1.2679857108796924 1.1944326042069449 0.0060807130840393 0.0 0.0125358762094969 1.3987838433746544 1.3176434201340226 12.185772039603544 12.193157355991184 695.1935893555167 982.2429102093134 0.8338556628526793 3.535220398785337 1.6666487748719383 4.954700933507716 0.6794493051159816 2226651656.7899594 4 0.8338556628526793 -2.4705389740262502 0.1767975505358664 0.3225788803143389 -0.7685159069293825 -1.199368378250102 0.1238940200060584 0.2233690734447904 0.5376837720217978 0.07923883 70015.43143275417 0.1031542637844222 491.9079409904221 4 False 0.1155909927939619 51.67496243849754 -0.7452270398529368 False 37.096
0.4124992944815885 2323.869141154815 1.6597927613541168 1.2047116675941612 0.0047781918248153 0.0082463015644082 0.0 2.344456104398337 1.7016543805304905 12.04692809151594 12.191680292713654 122.28101398038388 935.4482653681744 0.4892145753340363 1.6749007572012016 2.1208326503765287 0.0637332802504616 -0.8897211101206423 2235715988.4175134 1 0.4892145753340363 -3.208080553857531 0.2153511933146477 0.2034330623593893 -1.0 -1.5074143997636216 0.086907542844355 0.2266938486067201 0.6974766511233645 0.014791197 70120.34267844344 0.4124992944815885 2323.869141154815 1 True 0.4029346520068066 50.72853462149829 -2.5298074386973264 True 36.985
0.1327284186110662 645.1591888189864 1.3747691390679078 1.2492964949431131 0.0057464045656417 0.0109683453834641 0.0 1.5572400728516882 1.4151136430932607 12.166919696776525 12.1887261661586 427.98880674907457 759.3093185465848 2.0650464417153582 0.0175028528557901 1.994652517848156 3.881219291113276 -0.2490911021751505 2230972250.098377 3 1.0765462118744349 -2.2556711434811723 0.1939406323863594 0.2380909389510394 -0.7654957823950578 -0.9040849677454724 0.0967397169993798 0.3380785641652887 0.6334851216177708 0.0771457 70065.43829974973 0.1327284186110662 645.1591888189864 3 False 0.06354974321726 51.97227523044582 -0.1183131489429554 True 22.048
0.2529867753021186 1319.095044493638 1.3772963628801642 1.3374407151812868 0.0141058558593303 0.0 0.0286320653203112 1.7257341283605536 1.67579552887276 12.166570216995686 12.175432596660851 424.16121788345066 506.5989994410647 1.0205920714349208 4.819863777982303 2.259223821657953 4.0786396521254655 -0.1189382080471375 2231268401.450385 2 1.0205920714349208 -2.279967742294277 0.2036532156614687 0.3366572013175608 -0.7597505330421207 -1.068525840987187 0.0718266478425183 0.2664222089610449 0.679433456967986 0.13925508 70068.86597743501 0.2529867753021186 1319.095044493638 2 False 0.133905343942228 51.71154135485369 -0.0918238004935663 True 14.706
0.1467959078997769 719.860122094033 1.3371271427040838 1.2549562041846476 0.0134435022714634 0.0260608563305733 0.0 1.5334119355947644 1.439178639552391 12.175432596660851 12.187249102881072 506.9156187409165 738.9319041743918 0.3524879292807756 0.4242771271786108 1.8014412915945008 2.840385917060796 -0.104275430217132 2211399404.25684 3 0.3524879292807756 -2.314717505284258 0.1905526540883351 0.2312024287131669 -0.76915196641909 -1.015826937591184 0.1297019812155313 0.2468939464978372 0.6189003839166373 0.030004162 69838.90073213936 0.1467959078997769 719.860122094033 3 False 0.1084973630881706 51.72334570152312 -3.204090159267083 False 39.932
0.4433229405245418 2530.8036393135326 1.543723234794011 1.1844443190659075 0.0039117001236572 0.0069130094807542 0.0 2.2280911585989496 1.709535657481794 12.11191887572716 12.194634419268713 202.9210559429864 1029.3156077792391 0.0179883233143847 0.4185353118967355 3.056748492713278 2.924007032403676 0.6134188651938514 2220427806.5467663 2 0.0179883233143847 -1.933643609277459 0.205758947775296 0.2290376184252556 -0.5795867923570907 -0.8129169034429341 0.1067022494997427 0.3259339382701294 0.6568234879016397 0.01841266 69943.3961290135 0.4433229405245418 2530.8036393135326 2 False 0.1210539174038423 51.828555938275 -4.309702439697888 True 13.383
0.3201850756267995 1728.157106318971 1.4219525044517016 1.2077271770868376 0.0046728922720051 0.0086417864332598 0.0 1.8772404746272864 1.5944233946189277 12.15475371077546 12.191680292713654 347.44197316564765 922.2816184537608 2.738415223327832 5.373156994279978 0.3743062362129627 6.037391984333816 0.5088418886733459 2226246887.154711 4 0.4031774302619613 -2.144245270937289 0.1944892866405505 0.1889288050423319 -0.7126808736346589 -1.5773439537702676 0.0502951994664129 0.3059896583074074 0.6286854404327066 0.07108006 70010.74659901285 0.3201850756267995 1728.157106318971 4 False 0.0977200517923912 52.20492839150168 -3.915086494792096 True 16.373
0.3710107839582484 2051.5432910869595 1.3880191901145902 1.2007426372931853 0.0187389797395686 0.0349496287802462 0.0 1.9029892779880968 1.6462311044874247 12.164846839611693 12.193157355991184 404.3728936716498 953.3315094233118 0.4735858759901704 0.6797898807090323 1.9321332798526536 5.467781076217223 -0.506776977438946 2224018661.563564 3 0.4735858759901704 -2.197751328777847 0.1900290398410629 0.2638275098693174 -0.7322114671934279 -1.1192788127022215 0.0735267757922662 0.2742156892144755 0.6093595968159169 0.09129918 69984.95695096717 0.3710107839582484 2051.5432910869595 3 False 0.304876286772172 51.01144580015449 -0.1263604099223236 False 13.665
0.1635942302383055 810.5495641450094 1.411507709424757 1.2709521635876642 0.0207919712863425 0.0395135133049824 0.0 1.642422226623534 1.478872604459497 12.15878216978214 12.185772039603544 364.1517675207954 685.9095517878662 1.827441418931052 1.0581795693888851 2.791215845836736 1.6939553679000108 -0.6400518026981994 2233190894.555116 3 1.3141512346587412 -2.21796826946282 0.2002246615737856 0.3364039955711012 -0.7619670572685328 -0.9234247184552752 0.1217816989785402 0.3729436100506714 0.6609680882752615 0.075883135 70091.11705503607 0.1635942302383055 810.5495641450094 3 False 0.0823485261571117 51.86286254252096 -3.8211265359086393 True 18.499
0.0999787992298797 475.7642339149993 1.3341303950045933 1.2743367559130054 0.0034600533484829 0.0067650325138639 0.0 1.4675151499132375 1.401743414583688 12.175432596660851 12.18435454784063 514.775241199092 675.3083337859106 0.5387831356552856 4.023802319974202 1.8990644971244208 0.9313227733999208 -0.17315073944793 2232860101.1726418 3 0.5387831356552856 -2.318581691405301 0.1923249276249714 0.2121509960751305 -0.7655639797587851 -1.8729831660656744 0.0522085971685959 0.3559334990934804 0.6284686362302107 0.04645104 70087.2884279241 0.0999787992298797 475.7642339149993 3 False 0.0879846442861126 52.29761318107404 -0.5433414863321335 True 49.1
0.379523071964397 2106.8203812118027 1.4151296423249589 1.3530619437093228 0.0054548232697649 0.0 0.01115987035839 1.9522039914080056 1.866580169144003 12.157707837330518 12.172478470105794 358.156679135679 472.265835332614 2.746608060388298 0.2326577876928506 1.1049430712511594 5.541837816797995 0.3799971772667742 2222904041.124607 3 0.3949845932014952 -2.263335267283613 0.2093939427210487 0.3218731800459753 -0.7663692004488067 -0.9659826486278712 0.0823317465093095 0.2704945602648052 0.7007999765511201 0.17361125 69972.0562514422 0.379523071964397 2106.8203812118027 3 True 0.391167989004321 50.70634975967017 -4.258674876036317 True 33.281
0.3486665669814544 1907.949884956328 1.3859569168141044 1.3628563884578813 0.0167384176095988 0.0 0.0337605527802727 1.8691937569838792 1.8380388467102344 12.165093153718155 12.16952434355074 408.0599337072606 451.3649597425697 0.4642441156618501 0.3855788578270003 0.7633723874965214 5.435232750829577 0.2702652491886002 2228458825.120305 2 0.4642441156618501 -2.2779727564996763 0.2073005773073858 0.2569758764265586 -0.7537231234928925 -1.3239833977036268 0.0952229453017637 0.3508072210886372 0.6938373449721433 0.08994312 70036.3477328739 0.3486665669814544 1907.949884956328 2 True 0.3540689253806951 51.11454607173371 -1.8297936858009336 True 18.776
0.448702822549113 2567.3113705293817 1.3310343558336817 1.2737174621475142 0.0025033244795691 0.0048988510030385 0.0 1.928273228206095 1.8452380825431969 12.175432596660851 12.185772039603544 522.0485769303244 677.816830060363 3.044101169243554 1.8878250956772369 2.5956096352908684 5.784336826415639 -0.1861509291163376 2229271867.592988 4 0.0974914843462395 -2.322586570728685 0.1919235968408612 0.3134909834769317 -0.7649720675416689 -1.2585516907997785 0.1235482087653687 0.3734661606539447 0.6265361832357378 0.033962134 70045.7579466781 0.448702822549113 2567.3113705293817 4 False 0.0852817824783279 52.128013094617934 -3.5465197322040614 False 12.892
0.1018605236027398 485.3233334053732 1.267888023853236 1.2174917971199912 0.0089232126785309 0.0174917439965033 0.0 1.3970357618325695 1.3415061490566742 12.185772039603544 12.191680292713654 695.7303295685977 879.9189904678299 0.7686614031146597 2.306437488216576 3.078041670642938 2.516494552758537 -0.0732709621095096 2235769035.9447064 4 0.7686614031146597 -2.453859941172976 0.1792675815219909 0.2038671234260166 -0.7635720184332593 -1.194261204477229 0.0527516925253831 0.2348937919039491 0.5548057623830948 0.04196206 70120.95665445262 0.1018605236027398 485.3233334053732 4 False 0.0684495705346339 52.164100769149165 -4.647865826717259 False 44.523
0.3498892423644471 1915.750215422982 1.3881526067703545 1.375101104472792 0.0052029718741294 0.0103570250637871 0.0 1.873852270639466 1.856234188091292 12.164067927189398 12.166570216995686 403.6730626682319 428.0197439576367 2.88819618768752 4.0885084354587935 2.687022326446468 5.300957338241341 -0.3770857260762404 2217808652.7656107 3 0.2533964659022734 -2.278004115027972 0.2088562648294293 0.2205850592982375 -0.7496944091365473 -1.2595172714102296 0.0764982361083028 0.2585010745928791 0.6996241782082462 0.11536217 69913.08184913901 0.3498892423644471 1915.750215422982 3 True 0.4145505797803827 50.96225850628311 -4.672783442574699 True 16.7
0.2943748581069166 1568.4679844368145 1.337656953387372 1.197348657151749 0.0036565452071233 0.0069295514008838 0.0 1.73142952923651 1.5498179982053024 12.175432596660851 12.193157355991184 506.6287593761955 968.1617276025082 0.7977997730630997 4.270046555776828 0.9023834202658456 0.958100384789556 0.4540863996812357 2212625676.7476964 4 0.7977997730630997 -2.297636464299845 0.1843398335226063 0.1849824888908807 -0.7585775497852733 -1.3966515936429578 0.101360360969412 0.3254487751015325 0.5819644489669 0.19727734 69853.09370078352 0.2943748581069166 1568.4679844368145 4 False 0.083750147274493 52.15077637848602 -2.4762918368831963 False 13.64
0.2467293125101772 1282.1326968237893 1.407656651123545 1.361951549557315 0.0070665557957591 0.0 0.0143702548661623 1.7549668089056358 1.6979849190517615 12.159184900608045 12.16952434355074 369.561172191137 454.5353108609392 2.9766134172115604 5.1358487034377935 0.3264413475155747 0.259174854851419 -1.1454754967525933 2209786200.238467 3 0.1649792363782327 -2.270082688206556 0.2095518112331419 0.2694227997459063 -0.7619893634930842 -1.302785569435995 0.0722909517400165 0.2219223823223901 0.7017113731556347 0.017945375 69820.22938933411 0.2467293125101772 1282.1326968237893 3 True 0.0824805642017427 52.34220971317912 -3.038904362870847 True 64.311
0.3547844788303201 1947.0471413289497 1.411703195202765 1.3296508942336724 0.0255351805482844 0.0 0.052646128336477 1.912553577575876 1.8013903937706353 12.157707837330518 12.176909659938378 363.3360619013274 524.5968055975468 0.4472200587204028 2.475609277330156 1.2292752166827374 0.982186267667802 -1.1448561230778105 2229578861.7654657 2 0.4472200587204028 -2.254697803201557 0.2065383265366785 0.2558085794393651 -0.7695050950823596 -1.171869093706099 0.0616194340792353 0.2954129649617283 0.6895158733351899 0.075435765 70049.31111997066 0.3547844788303201 1947.0471413289497 2 True 0.2451865191399098 51.27540495936192 -4.392784553659802 True 24.278
0.3373227866013741 1835.8994112252624 1.3620999117374666 1.1662373817944007 0.019745784866235 0.0366522336850291 0.0 1.8215672495942343 1.559635825259979 12.16952434355074 12.194634419268713 454.2004110938058 1123.4445152852386 0.7251462069939097 2.0524531644026327 1.4267042469994144 2.553457831856531 0.2597271368065469 2209282116.107161 4 0.7251462069939097 -2.2205639716622554 0.1834421600348136 0.1786572219778531 -0.721525453812841 -0.9984276783924536 0.0905236220205382 0.3489431193755465 0.5722753673382683 0.03212126 69814.39508225881 0.3373227866013741 1835.8994112252624 4 False 0.3754380552879307 50.63695814628695 -0.1934409530973049 True 12.395
0.0818640755495116 384.84885818552567 1.3531371979718476 1.3466769454242875 0.0051840552498249 0.0 0.010392979349041 1.4639105237754697 1.456921408625287 12.172478470105794 12.172647428557877 471.98280227359817 486.5131417859966 1.8809180142561648 2.6220392516511413 2.247017027657613 0.2570749544783213 -0.4073025149676362 2229574931.768319 4 1.2606746393336286 -2.290521176503001 0.202055993788223 0.2686338205701709 -0.7461541454344293 -1.3742863589706382 0.0500996889559005 0.2563344582627257 0.6733077754222194 0.017929872 70049.26563389259 0.0818640755495116 384.84885818552567 4 False 0.062256382922522 52.61425220430284 -3.930671216170802 True 37.843
0.1842797151606473 924.403064768864 1.3149781286118192 1.3051343864342495 0.0023981066069148 0.0047782613234984 0.0 1.5573019235948862 1.5456441794127194 12.178386723215905 12.179863786493437 561.2967282446183 587.3422764511859 0.2945109904660307 1.5396544765425808 1.067298019520009 4.178840602865894 0.6434300205121014 2227325820.022273 3 0.2945109904660307 -2.327702702192264 0.1935814123023045 0.1792034697719047 -0.7473692635438993 -0.9589336336217036 0.1284006242889511 0.2359243603608243 0.6353626948781808 0.019323766 70023.23424794298 0.1842797151606473 924.403064768864 3 False 0.0470987120075082 52.43779585433505 -4.949860997161977 True 29.214
0.4785158860315963 2771.664623297188 1.364614024818357 1.346395570985376 0.0024091808093831 0.0047861975426592 0.0 2.017603513995456 1.99066724058446 12.16952434355074 12.173955533383324 447.923490011331 486.39736200127214 2.842544673544745 5.513912362269769 1.9693877534415591 1.169714025965697 0.1343024699728734 2214689339.1280265 2 0.2990479800450483 -2.2861210270747674 0.2032452301237898 0.2351949188431736 -0.7514248098323534 -1.0703710890661735 0.0997251619849671 0.3264419606285208 0.6781892765320024 0.20619889 69876.97868203734 0.4785158860315963 2771.664623297188 2 False 0.2802581196933974 51.13182797585152 -1.3675067365695668 False 12.027
0.2236923288583601 1147.7808717131209 1.4215325330130908 1.1878519557688545 0.0125071899478202 0.0229583683033381 0.0 1.7395184558707126 1.4535653260937471 12.156074634852676 12.193157355991184 347.6451912495462 1013.5695282999844 2.2993018814990824 5.769791443232432 0.3383907753908166 4.489098528725854 0.230017830108479 2230764503.6852784 4 0.8422907720907108 -2.1233146477716947 0.1922092077792353 0.2618632157090148 -0.6929480357123097 -1.1525473986464323 0.1487603469969299 0.3509131926071467 0.6156525400987047 0.10519425 70063.03382737591 0.2236923288583601 1147.7808717131209 4 False 0.0912931432352868 52.1271105613676 -1.4198890403259803 True 17.926
0.0763973605012343 357.8099839263147 1.413523059114106 1.322864118031242 0.0100524329043004 0.0 0.0207937823118066 1.521512489838054 1.4239274449506223 12.157707837330518 12.176909659938378 361.0195788829257 540.9254995560123 2.110859482640164 4.83022017814164 2.9144935327550154 6.258397367236706 -0.2420972101289147 2237060744.093634 2 1.0307331709496292 -2.249653914797232 0.2060186646407227 0.2053681226990055 -0.7701099839540728 -1.1576616215462625 0.1470209731143388 0.324674237989807 0.6871123647471064 0.030002274 70135.9069802504 0.0763973605012343 357.8099839263147 2 True 0.0984983619729941 52.097409336505855 -2.6366920746079785 True 52.081
0.166116650436345 824.3053303000073 1.368783399083719 1.3087097484267165 0.0093537398017716 0.0 0.019136843943393 1.5961611125123811 1.5261082282287544 12.168047280273212 12.179863786493437 439.4339613128225 577.7671984198963 2.297217087995115 2.6039638700804457 1.1217424186442324 2.500718989690903 0.6284864628569664 2217923496.0994744 3 0.8443755655946782 -2.282970674180576 0.1996866532750805 0.2473649557548067 -0.7655534067825666 -1.340614034019095 0.141423566717247 0.2036912722383741 0.6624822534351316 0.0137498425 69914.41105439207 0.166116650436345 824.3053303000073 3 False 0.1472981053581395 51.762665065616574 -4.750812572072872 False 24.718
