 "Unnamed: 0" redshift luminosity_distance mass_1_source mass_2_source chi_eff chi_1 chi_2 mass_1 mass_2 radius_1 radius_2 lambda_1 lambda_2 theta_jn phase psi ra dec geocent_time prompt_collapse inclination_EM log10_mej_dyn v_ej_dyn Ye_dyn log10_mdisk log10_mej_wind v_ej_wind Ye_wind chi_BH Ebv trigger_time redshift.1 luminosity_distance.1 prompt_collapse.1 has_grb thetaCore log10_Ekin_iso log10_n0 afterglow_detected snr
0 0 0.0675178068121922 314.28899940556977 1.3694151094539848 1.3460439825090091 0.0018087376552555 0.0 0.0036488801070113 1.461875014259796 1.4369259200807665 12.168047280273212 12.173955533383324 439.4340199860591 486.91215167792745 2.6873422918819565 4.6341186984351 1.4606956433591538 4.056937116716585 0.7120579779282747 2221563938.0208287 2 0.4542503617078368 -2.28409531110814 0.2037277811580436 0.2498918995378215 -0.7535879590548162 -0.9402293255399468 0.1051218015744362 0.309794949540658 0.6799953848327193 0.01901559 69956.54579885218 0.0675178068121922 314.28899940556977 2 False 0.1973059845945435 51.246724888892906 -2.580300748215823 False 79.506
1 1 0.2348099877395824 1212.2776692155053 1.3384820379030724 1.270116021050408 0.0179021947752674 0.0348899942018882 0.0 1.6527709888127442 1.5683519483811017 12.175432596660851 12.185772039603544 504.2101711775889 689.4960107850269 0.8850377627699506 0.1180823278914499 2.444215808602052 4.116602935590886 -0.290072050761744 2240055072.510669 3 0.8850377627699506 -2.313350393004325 0.1923155163383882 0.18 -0.7673429676909017 -1.2088828388101476 0.08 0.2747777524772561 0.6282345005049754 0.12644906 70170.56355915127 0.2348099877395824 1212.2776692155053 3 False 0.0648740476603204 52.34110054059402 -2.531399310129866 True 16.505
2 2 0.1760918764459486 879.052884826854 1.3785172568561226 1.2028788446117296 0.002526148182413 0.004730437023823 0.0 1.621262947329039 1.4146960374965438 12.166570216995686 12.193157355991184 420.89615557086495 942.91517459845 2.753417084268316 4.388975350640994 2.4889855587952883 1.4136046366409516 0.2377579918294055 2223914794.893844 3 0.388175569321477 -2.217613244457702 0.1892586249906865 0.2265985598199286 -0.7402466194216092 -1.1488738910922744 0.0774995243207808 0.2084670585289114 0.6064876550215063 0.45537454 69983.754790438 0.1760918764459486 879.052884826854 3 False 0.3542543916413924 50.836136012184696 -2.1161708551897904 True 29.487
3 3 0.4659737497045907 2685.2770203827545 1.3503815652374005 1.3210557133027514 0.0042982159794196 0.00850308882632 0.0 1.9796239267230265 1.936632997599108 12.172478470105794 12.178386723215905 478.4299878201598 545.3703011883302 2.8227570752172726 2.05631567316347 2.035447020744915 3.05321129917512 0.5449190149284561 2221273322.7382684 3 0.3188355783725208 -2.297230154843254 0.1990241159910823 0.2402727280191832 -0.7557996753002678 -0.933240038196979 0.1464125680259208 0.2730626405643135 0.6603069016106924 0.020913165 69953.18219604477 0.4659737497045907 2685.2770203827545 3 False 0.2132795902363621 51.1297912768798 -1.362324283682316 True 12.078
4 4 0.2076959412460591 1056.1169681883548 1.3327166311097107 1.2186810748641923 0.0080521859024808 0.015415376502474 0.0 1.609516466222319 1.47179618778687 12.175432596660851 12.191680292713654 518.3014488189851 875.4724776421041 0.5800710426562201 0.918536470794688 1.643664080048457 3.1277133812216578 0.5351423651746676 2221620851.1464243 3 0.5800710426562201 -2.3161637276910145 0.1861684910959058 0.2277060270245464 -0.7672026187552057 -1.1087893626660104 0.0899531001604799 0.2143485305497139 0.5938329271686191 0.017428214 69957.20451558361 0.2076959412460591 1056.1169681883548 3 False 0.0945456790979603 51.91734160784142 -0.0300782324305863 False 22.717
5 5 0.2568893910754447 1342.2475005590777 1.379868890747237 1.328603593174986 0.0153103195725679 0.0300518256193893 0.0 1.734342569855244 1.669907761206356 12.166570216995686 12.176909659938378 419.2944264443562 527.5595804166405 0.3844618802327643 3.24178157692182 2.6611556432359373 5.304463387840105 -0.701766979002558 2227218798.62994 3 0.3844618802327643 -2.277271677289586 0.2029808994775838 0.2308921652105092 -0.7632999991528909 -1.628008933090055 0.1149613757346191 0.3421940350274395 0.676483786144583 0.05584804 70021.99557442061 0.2568893910754447 1342.2475005590777 3 True 0.2276332528694904 51.53237577259369 -0.6230443008988189 True 20.989
6 6 0.186830778081771 938.6080361556056 1.3463795436896266 1.3054146680481575 0.0065258026571362 0.0128530515739372 0.0 1.5979246814305397 1.5493063061989516 12.173955533383324 12.179863786493437 486.4022080497507 586.4505577597062 2.0285116662230984 0.7767725008762815 2.556745300204797 0.1508317079367525 0.1444686022566438 2221397983.651757 3 1.1130809873666947 -2.302423858630154 0.196933968237324 0.283596148724766 -0.7600367251640782 -0.968570102135492 0.0755640074404987 0.3011207716240184 0.6508034252136392 0.049647585 69954.62503069163 0.186830778081771 938.6080361556056 3 False 0.0937029583001941 51.87968313370664 -1.3910792778042431 False 16.8
7 7 0.2683237532631938 1410.520751308159 1.3718019403816977 1.204015953563382 0.0062644258533811 0.0117626457095851 0.0 1.739888985758647 1.527082033212272 12.168047280273212 12.192889070137657 434.8283472822783 937.7232198906798 2.642881955266032 2.239027313171426 1.2069180316179178 5.3625798886866844 0.1956567964024089 2226415226.548652 4 0.4987106983237611 -2.231422241570389 0.1886733922568564 0.3135194801301768 -0.7451739274616376 -0.943756055033528 0.1348130123025859 0.3788304875710359 0.6039445012858344 0.13858007 70012.69497162792 0.2683237532631938 1410.520751308159 4 False 0.3411905631083727 50.69032182529628 -4.095249097773395 True 18.645
8 8 0.3980331551205867 2228.09071532403 1.4061063287191635 1.3275918785060692 0.0153187902642664 0.0 0.0315435414755688 1.965783267174277 1.8560174626203063 12.160661963885577 12.176909659938378 372.3611253836383 530.1544092810155 0.1751180985975357 3.5286098508328787 0.8322648667619211 1.9702487419268493 1.0239026358498773 2216131692.1331134 2 0.1751180985975357 -2.257917546952753 0.2056969260329616 0.2534402836162016 -0.7690523289549677 -1.220993676564473 0.0723471766149413 0.396221395574052 0.6864518978208138 0.050124053 69893.67258255919 0.3980331551205867 2228.09071532403 2 True 0.3615332289640905 51.00391719414317 -0.1086655734723747 True 37.977
9 9 0.135612245490427 660.3792790578775 1.3998716425772182 1.3285167067764223 0.0387681816656471 0.0 0.0796186112245692 1.5897113794254871 1.50867984055392 12.162139027163102 12.176909659938378 383.45047423004473 527.6009711813106 1.210095347348531 5.579129544442316 2.4012348975548816 4.727051229768162 -0.525371235336775 2232734370.6089435 2 1.210095347348531 -2.26299996017282 0.2051210065287955 0.1780960531586312 -0.767964828045217 -1.152057532778244 0.0529161127680251 0.240547238843326 0.684446672323195 0.62595606 70085.83321306648 0.135612245490427 660.3792790578775 2 True 0.0468070745699639 52.70497151540686 -2.0260112486962805 True 20.885
10 10 0.1017627996476664 484.8263702662004 1.3804578361419122 1.3735023659138048 0.0048661192739729 0.0097077204881759 0.0 1.5209370903432728 1.5132738119918872 12.166570216995686 12.168047280273212 417.1222463346178 431.50943799264354 0.8087943444908596 1.5396522985441643 0.0354994392513132 1.3726099162841152 0.5034079048422394 2227993220.9756126 2 0.8087943444908596 -2.27932216153544 0.2078372598979849 0.2287468610256744 -0.7468997428985914 -1.178384647218498 0.0689376345518678 0.2028200784720329 0.6959934923544522 0.5569082 70030.95879601403 0.1017627996476664 484.8263702662004 2 True 0.0381603273469816 52.96352050147812 -3.4232220241930627 True 40.105
11 11 0.2690911850119842 1415.126246319996 1.4297777997045962 1.3374901011666565 0.0008009407198411 0.0015501832137658 0.0 1.8145184021309333 1.6973968974313909 12.153276647497934 12.175432596660851 336.0293402250017 506.6178011134475 2.7005494695525085 0.3935884564683253 0.8349435935458839 3.824811070161711 0.1960324934601448 2221028955.0238576 3 0.4410431840372847 -2.2458596676529035 0.2093351072680184 0.1767152248504835 -0.7704617810980555 -1.2933870423419536 0.074492728621082 0.2845104565847041 0.6994534973160137 0.023623576 69950.35386601687 0.2690911850119842 1415.126246319996 3 True 0.3207316386234703 51.15936509084919 -4.628523564399332 True 28.236
12 12 0.2624368335804627 1375.289329117741 1.338881694701583 1.2992850522869606 0.006595433349791 0.0129958106188584 0.0 1.6902535671979102 1.6402653073275766 12.175190133225517 12.181340849770962 502.9104423525191 602.2106197588655 0.2699180205184449 2.6518693790822745 2.152619415166944 4.165398054571139 -0.5718211476607771 2219521614.074266 3 0.2699180205184449 -2.310025786754588 0.1954793561653237 0.2158171307260961 -0.7595773488423374 -0.9207496833440744 0.1477947624721933 0.376921180747817 0.6442387351185149 0.23908205 69932.90779021141 0.2624368335804627 1375.289329117741 3 False 0.0654570517260428 52.0821634394852 -0.2300624387840226 True 21.081
13 13 0.0723532636158672 337.9274852729214 1.3526332153065426 1.3464468694574714 0.0143544693829818 0.0 0.0287748913958798 1.450500642909195 1.443866694748087 12.172478470105794 12.173955533383324 473.76913053583377 486.3818512821504 2.3096716591894983 2.9601303146943865 2.164211472834326 4.138133395669911 0.9329260693231738 2210538698.4750824 4 0.8319209944002949 -2.290784777769194 0.2019642665055618 0.197400834544605 -0.74602304369391 -1.0908081426088247 0.0636850996179538 0.3007030045859363 0.6729793198337187 0.013431398 69828.9388596653 0.0723532636158672 337.9274852729214 4 False 0.09130744281584 52.11893308151223 -1.110415430734082 True 73.838
14 14 0.1440142307923393 704.9981486492375 1.331831855776176 1.2269294324986493 0.0053324500260698 0.0102448868745639 0.0 1.523634596030516 1.4036247309564236 12.175432596660851 12.190203229436127 519.4006560853721 842.0097899292697 2.3778873147940978 3.9991402056377288 0.5783374496661762 6.251048956092814 -0.5920702160131024 2230253357.453552 3 0.7637053387956955 -2.31975990968178 0.18698095102192 0.2715309579605317 -0.7686916260372724 -0.9702467722766108 0.1236051573646696 0.3909811899072254 0.598858814417932 0.010228317 70057.11778302722 0.1440142307923393 704.9981486492375 3 False 0.333812069758538 50.6608399893201 -1.241928277359766 True 28.664
15 15 0.3036102596886951 1625.2470803457368 1.3319403208746103 1.172318478288843 0.0209547042615533 0.0393981634975994 0.0 1.7363310675851946 1.5282463959199746 12.175432596660851 12.194634419268713 519.1944442899631 1090.5912944901024 2.383264776930476 4.875655658120667 0.4914126782768828 3.2128048747642346 -0.3307800490597752 2228809058.569601 4 0.7583278766593172 -2.297271091460162 0.1809795447859062 0.2681665007380373 -0.7473282944085942 -1.0363797225935742 0.0636499296048079 0.3806574086999525 0.5605449860146497 0.059108954 70040.40136075928 0.3036102596886951 1625.2470803457368 4 False 0.1332057875799001 51.54275172979176 -3.983134389417789 False 13.445
16 16 0.1486941104063847 730.0273765420698 1.3743443799833814 1.3637558684317068 0.0087637805819674 0.0174600414117678 0.0 1.578701294957025 1.5665383340996462 12.168047280273212 12.16952434355074 428.8092570850968 450.77831668127374 0.8723489526989983 3.8648954427203694 0.1435880598432629 3.617824328285863 0.5830598372805191 2221374114.478185 2 0.8723489526989983 -2.281223236875577 0.2061448765225269 0.3219834674530619 -0.7483370350055877 -0.8978297935243903 0.1239868250376019 0.2295487634510999 0.6895618110315757 0.018508863 69954.34876710862 0.1486941104063847 730.0273765420698 2 False 0.1304645539425501 51.54452604505962 -1.2490151545631751 True 28.073
17 17 0.3540058159033648 1942.061762241691 1.356782422548453 1.1772134985223877 0.0105228219348229 0.0196529579229891 0.0 1.837091291046062 1.59395392355926 12.171001406828267 12.194634419268713 464.4120225713408 1065.6190887462133 0.6071401319317687 3.535151305225688 1.512987920579422 5.616681781052535 -0.3968312853863975 2237229682.578487 4 0.6071401319317687 -2.2419465441995547 0.1841109503802641 0.3045248822200743 -0.735005013237662 -0.8575332471733261 0.1428491039307544 0.21923 0.5777354163303167 0.04895355 70137.86228678805 0.3540058159033648 1942.061762241691 4 False 0.0983249225074077 51.47818551770581 -0.3396212840372357 False 12.939
18 18 0.2569642595029299 1342.6924089883564 1.3613010027645565 1.3433175911595665 0.0075545318500742 0.0 0.0152101985744603 1.7111067069005466 1.688502201249144 12.16952434355074 12.173955533383324 454.7527414129823 494.0624510087569 2.234335269134359 5.699373695069977 1.5447173190005945 6.258169731878994 -0.4067274454234265 2223280040.302339 3 0.9072573844554342 -2.2879007570749965 0.2025773843419747 0.3321137331162306 -0.7512879763093553 -1.061342208467525 0.1394346950984922 0.3268808037449198 0.6753559892879331 0.022143856 69976.40809377708 0.2569642595029299 1342.6924089883564 3 False 0.0982369092890043 52.00502254231614 -3.129931069404275 False 14.188
19 19 0.4171186948424578 2354.635905007385 1.3967151840743264 1.328529039619459 0.0098791231503159 0.0 0.020265287771406 1.9793111987220529 1.882683338685832 12.162139027163102 12.176909659938378 388.1637162311197 527.5950960867932 0.1922414118489546 0.1238890918770713 0.0650629630397324 3.0504627702345 0.6269394857319047 2227148545.2512107 2 0.1922414118489546 -2.265342641565161 0.2047914604825427 0.2950082209165039 -0.7673811353016757 -0.9744601742865427 0.0737101508086696 0.29923104574975 0.6832717022498714 0.018788502 70021.18245661123 0.4171186948424578 2354.635905007385 2 False 0.1332567060811391 51.58456143625717 -0.4523849459418851 False 14.001
20 20 0.1331450332067764 647.3549746058749 1.3520211182718225 1.2555060013856034 0.0061721741086117 0.0119037425953998 0.0 1.532036014960387 1.4226703896313968 12.172478470105794 12.187249102881072 474.496006920626 737.3643408933636 2.6791138842081765 2.656227347916274 0.8785291108598184 1.2703453648948966 0.3223274730574779 2222704072.688364 4 0.4624787693816166 -2.2925143327092945 0.1921888839996828 0.2930760573024742 -0.7695319021059404 -1.2347841852753978 0.1020726168580713 0.3312688496513358 0.6264739726899005 0.44821087 69969.74180194866 0.1331450332067764 647.3549746058749 4 False 0.0738328283857527 52.22846663822909 -0.4445358191658926 False 40.666
21 21 0.2796903864323913 1479.030226686269 1.4346391687968336 1.2201737075342889 0.0128354686967914 0.0237521519773956 0.0 1.8358939523086648 1.5614445633091976 12.151799584220408 12.191680292713654 328.6451886906022 868.8184125322388 2.651956029442988 5.849469708910515 1.377361650846502 0.4765242686753504 0.3373474937336984 2225972525.4413514 4 0.4896366241468054 -2.137009919948187 0.1972323687566726 0.1814129001530628 -0.714306212528786 -0.9250229465179404 0.1092738214031149 0.3345091043119121 0.641465576709991 0.075207055 70007.57111621935 0.2796903864323913 1479.030226686269 4 False 0.2620418746704923 50.99617056659486 -2.397877289782236 False 18.269
22 22 0.2547209158652795 1329.3734639505474 1.4761513818399792 1.2547373742571153 0.0215625801899302 0.0398909004303637 0.0 1.8521580137780564 1.5743452273982836 12.138506014722658 12.187249102881072 273.43287628678314 739.0919582161426 0.6520327112183117 6.062009100484796 2.689472913824793 0.696649176224319 -0.3880224643008667 2227599874.2126102 2 0.6520327112183117 -2.117118950050085 0.2056323724279481 0.2517050651909049 -0.7139111261859529 -1.031519188893705 0.0681966818540637 0.2313309085393183 0.6759510498274187 0.021554785 70026.40617144224 0.2547209158652795 1329.3734639505474 2 False 0.1469448145556146 51.66734106277915 -4.583573159954531 True 18.628
23 23 0.1752035960777076 874.1552210458804 1.395594359798349 1.3126984069628158 0.0135346979211666 0.0 0.0279241022048649 1.6401075103007858 1.5426878884281792 12.162139027163102 12.179863786493437 390.6532851116712 566.4711054914219 0.8546799811208569 6.11906657420779 2.33888876477467 0.9349422836644156 0.4824521574561042 2232293293.7211647 3 0.8546799811208569 -2.2602560064309785 0.2029821859044015 0.3184631107048915 -0.7694077788271659 -1.0111641159705334 0.0707582661439157 0.3110407060779461 0.6755092621687976 0.18325222 70080.72815649497 0.1752035960777076 874.1552210458804 3 False 0.4351124527287394 50.62144311070848 -2.049689133072897 False 22.853
24 24 0.0685065253159667 319.1104567151908 1.3554402061052335 1.1697338115856404 0.0276413741023416 0.051495653871055 0.0 1.4482967048990607 1.2498682105619745 12.171001406828267 12.194634419268713 466.6549792957479 1103.8893441083735 2.118471657781483 2.547521635544898 2.4377957737734297 4.855392531416405 -0.0031241296835877 2235548645.2378874 4 1.02312099580831 -2.2388687841986625 0.1831367997881785 0.2559991051140219 -0.7297503141133194 -1.037755902270539 0.09258226059871 0.3615867580180713 0.5715816674565563 2.2695477 70118.40583608666 0.0685065253159667 319.1104567151908 4 False 0.124247211465692 51.6030358512937 -1.3485201106241878 True 51.349
25 25 0.4633361419806712 2667.186460693146 1.392881168113984 1.359479317159323 0.0168992170468997 0.0 0.0342136409468398 2.038253354785448 1.9893752190744405 12.163616090440629 12.171001406828267 394.76900567841193 458.6843356328848 0.2470984078984737 5.624362679517386 0.508807860257429 4.192725978662375 0.7005147190055211 2230517688.357171 2 0.2470984078984737 -2.275234997610083 0.2076735070231687 0.3497948235817411 -0.7576992141968265 -1.1765176715411438 0.0954882495375468 0.328885749077387 0.6951707317286966 0.016237592 70060.17716848578 0.4633361419806712 2667.186460693146 2 True 0.0771841517993407 52.36133836548825 -0.4544700503506718 True 12.654
26 26 0.1031542637844222 491.9079409904221 1.2679857108796924 1.1944326042069449 0.0060807130840393 0.0 0.0125358762094969 1.3987838433746544 1.3176434201340226 12.185772039603544 12.193157355991184 695.1935893555167 982.2429102093134 0.8338556628526793 3.535220398785337 1.6666487748719383 4.954700933507716 0.6794493051159816 2226651656.7899594 4 0.8338556628526793 -2.4705389740262502 0.1767975505358664 0.3225788803143389 -0.7685159069293825 -1.199368378250102 0.1238940200060584 0.2233690734447904 0.5376837720217978 0.07923883 70015.43143275417 0.1031542637844222 491.9079409904221 4 False 0.1155909927939619 51.67496243849754 -0.7452270398529368 False 37.096
27 27 0.4124992944815885 2323.869141154815 1.6597927613541168 1.2047116675941612 0.0047781918248153 0.0082463015644082 0.0 2.344456104398337 1.7016543805304905 12.04692809151594 12.191680292713654 122.28101398038388 935.4482653681744 0.4892145753340363 1.6749007572012016 2.1208326503765287 0.0637332802504616 -0.8897211101206423 2235715988.4175134 1 0.4892145753340363 -3.208080553857531 0.2153511933146477 0.2034330623593893 -1.0 -1.5074143997636216 0.086907542844355 0.2266938486067201 0.6974766511233645 0.014791197 70120.34267844344 0.4124992944815885 2323.869141154815 1 True 0.4029346520068066 50.72853462149829 -2.5298074386973264 True 36.985
28 28 0.1327284186110662 645.1591888189864 1.3747691390679078 1.2492964949431131 0.0057464045656417 0.0109683453834641 0.0 1.5572400728516882 1.4151136430932607 12.166919696776525 12.1887261661586 427.98880674907457 759.3093185465848 2.0650464417153582 0.0175028528557901 1.994652517848156 3.881219291113276 -0.2490911021751505 2230972250.098377 3 1.0765462118744349 -2.2556711434811723 0.1939406323863594 0.2380909389510394 -0.7654957823950578 -0.9040849677454724 0.0967397169993798 0.3380785641652887 0.6334851216177708 0.0771457 70065.43829974973 0.1327284186110662 645.1591888189864 3 False 0.06354974321726 51.97227523044582 -0.1183131489429554 True 22.048
29 29 0.295493238758551 1575.322150122096 1.302329202533021 1.2341067640794003 0.0118390763963163 0.0230579634739685 0.0 1.6871586765193445 1.5987769687710571 12.181340849770962 12.190203229436127 594.1085224704582 814.1427881807824 0.5465901781589295 5.160871452664543 1.187854112822059 0.030847926860824 0.6638472603392892 2209093769.446373 3 0.5465901781589295 -2.3747087767287165 0.1846435728864982 0.2371433906501904 -0.7675021851207605 -1.3361231292176077 0.1230989323802767 0.2661048966039925 0.5872475609065062 0.08890199 69812.21514405524 0.295493238758551 1575.322150122096 3 False 0.1131299408491596 51.86878419783694 -1.3476301295354034 False 16.108
30 30 0.2529867753021186 1319.095044493638 1.3772963628801642 1.3374407151812868 0.0141058558593303 0.0 0.0286320653203112 1.7257341283605536 1.67579552887276 12.166570216995686 12.175432596660851 424.16121788345066 506.5989994410647 1.0205920714349208 4.819863777982303 2.259223821657953 4.0786396521254655 -0.1189382080471375 2231268401.450385 2 1.0205920714349208 -2.279967742294277 0.2036532156614687 0.3366572013175608 -0.7597505330421207 -1.068525840987187 0.0718266478425183 0.2664222089610449 0.679433456967986 0.13925508 70068.86597743501 0.2529867753021186 1319.095044493638 2 False 0.133905343942228 51.71154135485369 -0.0918238004935663 True 14.706
31 31 0.4433229405245418 2530.8036393135326 1.543723234794011 1.1844443190659075 0.0039117001236572 0.0069130094807542 0.0 2.2280911585989496 1.709535657481794 12.11191887572716 12.194634419268713 202.9210559429864 1029.3156077792391 0.0179883233143847 0.4185353118967355 3.056748492713278 2.924007032403676 0.6134188651938514 2220427806.5467663 2 0.0179883233143847 -1.933643609277459 0.205758947775296 0.2290376184252556 -0.5795867923570907 -0.8129169034429341 0.1067022494997427 0.3259339382701294 0.6568234879016397 0.01841266 69943.3961290135 0.4433229405245418 2530.8036393135326 2 False 0.1210539174038423 51.828555938275 -4.309702439697888 True 13.383
32 32 0.3201850756267995 1728.157106318971 1.4219525044517016 1.2077271770868376 0.0046728922720051 0.0086417864332598 0.0 1.8772404746272864 1.5944233946189277 12.15475371077546 12.191680292713654 347.44197316564765 922.2816184537608 2.738415223327832 5.373156994279978 0.3743062362129627 6.037391984333816 0.5088418886733459 2226246887.154711 4 0.4031774302619613 -2.144245270937289 0.1944892866405505 0.1889288050423319 -0.7126808736346589 -1.5773439537702676 0.0502951994664129 0.3059896583074074 0.6286854404327066 0.07108006 70010.74659901285 0.3201850756267995 1728.157106318971 4 False 0.0977200517923912 52.20492839150168 -3.915086494792096 True 16.373
33 33 0.3710107839582484 2051.5432910869595 1.3880191901145902 1.2007426372931853 0.0187389797395686 0.0349496287802462 0.0 1.9029892779880968 1.6462311044874247 12.164846839611693 12.193157355991184 404.3728936716498 953.3315094233118 0.4735858759901704 0.6797898807090323 1.9321332798526536 5.467781076217223 -0.506776977438946 2224018661.563564 3 0.4735858759901704 -2.197751328777847 0.1900290398410629 0.2638275098693174 -0.7322114671934279 -1.1192788127022215 0.0735267757922662 0.2742156892144755 0.6093595968159169 0.09129918 69984.95695096717 0.3710107839582484 2051.5432910869595 3 False 0.304876286772172 51.01144580015449 -0.1263604099223236 False 13.665
34 34 0.4786247766785738 2772.4172622538445 1.3787950512237332 1.3559292646500791 0.0084843106789036 0.0 0.0171116969903392 2.0387205247012155 2.0049106061351663 12.166570216995686 12.171001406828267 420.509748021067 466.6425624745904 2.856836857972669 0.4112220017261168 0.3593165369919614 3.386520087410729 -0.2433696671757199 2230152270.8156857 2 0.2847557956171245 -2.280125322206188 0.2057929008414054 0.3042795252065581 -0.7535105413715649 -1.1117933844971657 0.12938778153688 0.3997503563467198 0.6880905808175468 0.049400013 70055.94779879267 0.4786247766785738 2772.4172622538445 2 True 0.3506055718864058 50.99098905602581 -3.587665603583756 True 22.949
35 35 0.1635942302383055 810.5495641450094 1.411507709424757 1.2709521635876642 0.0207919712863425 0.0395135133049824 0.0 1.642422226623534 1.478872604459497 12.15878216978214 12.185772039603544 364.1517675207954 685.9095517878662 1.827441418931052 1.0581795693888851 2.791215845836736 1.6939553679000108 -0.6400518026981994 2233190894.555116 3 1.3141512346587412 -2.21796826946282 0.2002246615737856 0.3364039955711012 -0.7619670572685328 -0.9234247184552752 0.1217816989785402 0.3729436100506714 0.6609680882752615 0.075883135 70091.11705503607 0.1635942302383055 810.5495641450094 3 False 0.0823485261571117 51.86286254252096 -3.8211265359086393 True 18.499
36 36 0.0999787992298797 475.7642339149993 1.3341303950045933 1.2743367559130054 0.0034600533484829 0.0067650325138639 0.0 1.4675151499132375 1.401743414583688 12.175432596660851 12.18435454784063 514.775241199092 675.3083337859106 0.5387831356552856 4.023802319974202 1.8990644971244208 0.9313227733999208 -0.17315073944793 2232860101.1726418 3 0.5387831356552856 -2.318581691405301 0.1923249276249714 0.2121509960751305 -0.7655639797587851 -1.8729831660656744 0.0522085971685959 0.3559334990934804 0.6284686362302107 0.04645104 70087.2884279241 0.0999787992298797 475.7642339149993 3 False 0.0879846442861126 52.29761318107404 -0.5433414863321335 True 49.1
37 37 0.379523071964397 2106.8203812118027 1.4151296423249589 1.3530619437093228 0.0054548232697649 0.0 0.01115987035839 1.9522039914080056 1.866580169144003 12.157707837330518 12.172478470105794 358.156679135679 472.265835332614 2.746608060388298 0.2326577876928506 1.1049430712511594 5.541837816797995 0.3799971772667742 2222904041.124607 3 0.3949845932014952 -2.263335267283613 0.2093939427210487 0.3218731800459753 -0.7663692004488067 -0.9659826486278712 0.0823317465093095 0.2704945602648052 0.7007999765511201 0.17361125 69972.0562514422 0.379523071964397 2106.8203812118027 3 True 0.391167989004321 50.70634975967017 -4.258674876036317 True 33.281
38 38 0.3486665669814544 1907.949884956328 1.3859569168141044 1.3628563884578813 0.0167384176095988 0.0 0.0337605527802727 1.8691937569838792 1.8380388467102344 12.165093153718155 12.16952434355074 408.0599337072606 451.3649597425697 0.4642441156618501 0.3855788578270003 0.7633723874965214 5.435232750829577 0.2702652491886002 2228458825.120305 2 0.4642441156618501 -2.2779727564996763 0.2073005773073858 0.2569758764265586 -0.7537231234928925 -1.3239833977036268 0.0952229453017637 0.3508072210886372 0.6938373449721433 0.08994312 70036.3477328739 0.3486665669814544 1907.949884956328 2 True 0.3540689253806951 51.11454607173371 -1.8297936858009336 True 18.776
39 39 0.448702822549113 2567.3113705293817 1.3310343558336817 1.2737174621475142 0.0025033244795691 0.0048988510030385 0.0 1.928273228206095 1.8452380825431969 12.175432596660851 12.185772039603544 522.0485769303244 677.816830060363 3.044101169243554 1.8878250956772369 2.5956096352908684 5.784336826415639 -0.1861509291163376 2229271867.592988 4 0.0974914843462395 -2.322586570728685 0.1919235968408612 0.3134909834769317 -0.7649720675416689 -1.2585516907997785 0.1235482087653687 0.3734661606539447 0.6265361832357378 0.033962134 70045.7579466781 0.448702822549113 2567.3113705293817 4 False 0.0852817824783279 52.128013094617934 -3.5465197322040614 False 12.892
40 40 0.1018605236027398 485.3233334053732 1.267888023853236 1.2174917971199912 0.0089232126785309 0.0174917439965033 0.0 1.3970357618325695 1.3415061490566742 12.185772039603544 12.191680292713654 695.7303295685977 879.9189904678299 0.7686614031146597 2.306437488216576 3.078041670642938 2.516494552758537 -0.0732709621095096 2235769035.9447064 4 0.7686614031146597 -2.453859941172976 0.1792675815219909 0.2038671234260166 -0.7635720184332593 -1.194261204477229 0.0527516925253831 0.2348937919039491 0.5548057623830948 0.04196206 70120.95665445262 0.1018605236027398 485.3233334053732 4 False 0.0684495705346339 52.164100769149165 -4.647865826717259 False 44.523
41 41 0.2236536106478884 1147.5573797511663 1.3166020884098515 1.264006446560859 0.000996434311068 0.0019530630479141 0.0 1.611064899269265 1.5467060522164022 12.178386723215905 12.185772039603544 557.1650320932071 709.048480764565 0.7861871480354706 1.7559767817648202 1.8473104929760684 1.2936235271028471 0.5964460869422679 2225988811.6538525 3 0.7861871480354706 -2.3432820311137377 0.1893675380789995 0.2285808325090692 -0.7637954719268225 -1.1270919137510704 0.091226045027059 0.2425164915853336 0.6135326556812336 0.8976867 70007.75961404922 0.2236536106478884 1147.5573797511663 3 False 0.0636233986702805 52.28152349706413 -4.764022171513772 False 18.709
42 42 0.2467293125101772 1282.1326968237893 1.407656651123545 1.361951549557315 0.0070665557957591 0.0 0.0143702548661623 1.7549668089056358 1.6979849190517615 12.159184900608045 12.16952434355074 369.561172191137 454.5353108609392 2.9766134172115604 5.1358487034377935 0.3264413475155747 0.259174854851419 -1.1454754967525933 2209786200.238467 3 0.1649792363782327 -2.270082688206556 0.2095518112331419 0.2694227997459063 -0.7619893634930842 -1.302785569435995 0.0722909517400165 0.2219223823223901 0.7017113731556347 0.017945375 69820.22938933411 0.2467293125101772 1282.1326968237893 3 True 0.0824805642017427 52.34220971317912 -3.038904362870847 True 64.311
43 43 0.059977412231446 277.7217813608225 1.3352022052552894 1.251876413881606 0.0156997870539598 0.0304197995273202 0.0 1.4152841783322216 1.3269607216198076 12.175432596660851 12.187249102881072 511.4515515282855 749.3364103072574 0.7493072270531477 0.5039824125397289 0.2595775826306081 0.1526165231730957 -1.1493335830975029 2228612795.0926447 3 0.7493072270531477 -2.317383546041259 0.1900260485393876 0.3017032258811186 -0.7692365956346368 -1.179485868373367 0.0581314264008648 0.3655232759478148 0.6161088326588757 0.01595096 70038.12979273894 0.059977412231446 277.7217813608225 3 False 0.3029342980621393 51.0080355141821 -0.2241656817490875 True 104.058
44 44 0.3547844788303201 1947.0471413289497 1.411703195202765 1.3296508942336724 0.0255351805482844 0.0 0.052646128336477 1.912553577575876 1.8013903937706353 12.157707837330518 12.176909659938378 363.3360619013274 524.5968055975468 0.4472200587204028 2.475609277330156 1.2292752166827374 0.982186267667802 -1.1448561230778105 2229578861.7654657 2 0.4472200587204028 -2.254697803201557 0.2065383265366785 0.2558085794393651 -0.7695050950823596 -1.171869093706099 0.0616194340792353 0.2954129649617283 0.6895158733351899 0.075435765 70049.31111997066 0.3547844788303201 1947.0471413289497 2 True 0.2451865191399098 51.27540495936192 -4.392784553659802 True 24.278
45 45 0.0818640755495116 384.84885818552567 1.3531371979718476 1.3466769454242875 0.0051840552498249 0.0 0.010392979349041 1.4639105237754697 1.456921408625287 12.172478470105794 12.172647428557877 471.98280227359817 486.5131417859966 1.8809180142561648 2.6220392516511413 2.247017027657613 0.2570749544783213 -0.4073025149676362 2229574931.768319 4 1.2606746393336286 -2.290521176503001 0.202055993788223 0.2686338205701709 -0.7461541454344293 -1.3742863589706382 0.0500996889559005 0.2563344582627257 0.6733077754222194 0.017929872 70049.26563389259 0.0818640755495116 384.84885818552567 4 False 0.062256382922522 52.61425220430284 -3.930671216170802 True 37.843
46 46 0.1842797151606473 924.403064768864 1.3149781286118192 1.3051343864342495 0.0023981066069148 0.0047782613234984 0.0 1.5573019235948862 1.5456441794127194 12.178386723215905 12.179863786493437 561.2967282446183 587.3422764511859 0.2945109904660307 1.5396544765425808 1.067298019520009 4.178840602865894 0.6434300205121014 2227325820.022273 3 0.2945109904660307 -2.327702702192264 0.1935814123023045 0.1792034697719047 -0.7473692635438993 -0.9589336336217036 0.1284006242889511 0.2359243603608243 0.6353626948781808 0.019323766 70023.23424794298 0.1842797151606473 924.403064768864 3 False 0.0470987120075082 52.43779585433505 -4.949860997161977 True 29.214
47 47 0.2236923288583601 1147.7808717131209 1.4215325330130908 1.1878519557688545 0.0125071899478202 0.0229583683033381 0.0 1.7395184558707126 1.4535653260937471 12.156074634852676 12.193157355991184 347.6451912495462 1013.5695282999844 2.2993018814990824 5.769791443232432 0.3383907753908166 4.489098528725854 0.230017830108479 2230764503.6852784 4 0.8422907720907108 -2.1233146477716947 0.1922092077792353 0.2618632157090148 -0.6929480357123097 -1.1525473986464323 0.1487603469969299 0.3509131926071467 0.6156525400987047 0.10519425 70063.03382737591 0.2236923288583601 1147.7808717131209 4 False 0.0912931432352868 52.1271105613676 -1.4198890403259803 True 17.926
48 48 0.0763973605012343 357.8099839263147 1.413523059114106 1.322864118031242 0.0100524329043004 0.0 0.0207937823118066 1.521512489838054 1.4239274449506223 12.157707837330518 12.176909659938378 361.0195788829257 540.9254995560123 2.110859482640164 4.83022017814164 2.9144935327550154 6.258397367236706 -0.2420972101289147 2237060744.093634 2 1.0307331709496292 -2.249653914797232 0.2060186646407227 0.2053681226990055 -0.7701099839540728 -1.1576616215462625 0.1470209731143388 0.324674237989807 0.6871123647471064 0.030002274 70135.9069802504 0.0763973605012343 357.8099839263147 2 True 0.0984983619729941 52.097409336505855 -2.6366920746079785 True 52.081
49 49 0.1213460681068251 585.5619491485129 1.371624815641221 1.2857310982662713 0.0294038812903313 0.0569664364100672 0.0 1.538066093937032 1.4417495116835533 12.168047280273212 12.182817913048488 435.1839508535868 642.0700529665229 2.866379549522147 1.623451884860063 2.649191618967999 3.988595900152273 0.7253093057707379 2233881561.619835 3 0.2752131040676459 -2.275049322828646 0.1975318842224687 0.1575205340465445 -0.7694814632940609 -0.8742511780640951 0.0788223971106221 0.2773157110350632 0.6520017147106772 0.024068482 70099.11088680364 0.1213460681068251 585.5619491485129 3 False 0.3944737825128946 50.327843408826176 -3.2028901558941896 False 45.594
50 50 0.0690742376983567 321.8816732231522 1.3428504268038854 1.3196400939879591 0.0085322368981334 0.0 0.0172145420300013 1.4356067963782766 1.410793227516365 12.173955533383324 12.178386723215905 494.44360788453207 548.9656903788177 0.3060283242785908 4.685646891654929 0.8660215835935183 4.676822056035936 0.2848665782571187 2239129166.304215 3 0.3060283242785908 -2.3025216773113595 0.1980729967883848 0.1871681792299611 -0.7533281490260435 -1.23229152131459 0.1447633040553035 0.2427217425008013 0.6562215202574153 0.09814946 70159.84705213211 0.0690742376983567 321.8816732231522 3 False 0.0719089886680659 52.33566768880089 -2.721072793899104 True 84.228
