476
1.67747e+03 5.09639e+21 1.000000000000000e+00 9.999999999999999e+26
1.77829e+03 5.09726e+21 5.033340962972628e+14 1.060800892212552e+27
1.88525e+03 5.09807e+21 9.416045928552742e+14 1.125298532918945e+27
1.99871e+03 5.09910e+21 1.469172172897663e+15 1.193717687725893e+27
2.11907e+03 5.10022e+21 2.013895438036789e+15 1.266296788189531e+27
2.24674e+03 5.10148e+21 2.591752612012340e+15 1.343288762717343e+27
2.38218e+03 5.10283e+21 3.171732475254605e+15 1.424961917989652e+27
2.52586e+03 5.10439e+21 3.807272933704076e+15 1.511600873972332e+27
2.67827e+03 5.10611e+21 4.467741233354466e+15 1.603507555779123e+27
2.83995e+03 5.10799e+21 5.146481752557407e+15 1.701002245840061e+27
3.01146e+03 5.11014e+21 5.883389351336467e+15 1.804424700042691e+27
3.19339e+03 5.11250e+21 6.642690109705596e+15 1.914135331735652e+27
3.38640e+03 5.11512e+21 7.437060044936207e+15 2.030516467720749e+27
3.59113e+03 5.11809e+21 8.287990491033425e+15 2.153973680610449e+27
3.80832e+03 5.12133e+21 9.164197117299032e+15 2.284937202193918e+27
4.03871e+03 5.12497e+21 1.009016254674066e+16 2.423863422736959e+27
4.28312e+03 5.12905e+21 1.106979355976112e+16 2.571236481440736e+27
4.54238e+03 5.13351e+21 1.208189637811437e+16 2.727569953601795e+27
4.81741e+03 5.13853e+21 1.315433185964081e+16 2.893408640352932e+27
5.10916e+03 5.14411e+21 1.427829892007823e+16 3.069330467221896e+27
5.41866e+03 5.15025e+21 1.544433315156546e+16 3.255948498124156e+27
5.74697e+03 5.15713e+21 1.667650906869134e+16 3.453913071808222e+27
6.09525e+03 5.16473e+21 1.795958169855998e+16 3.663914068198756e+27
6.46470e+03 5.17312e+21 1.929452628283576e+16 3.886683312535360e+27
6.85663e+03 5.18246e+21 2.069724687479183e+16 4.122997125685147e+27
7.27238e+03 5.19273e+21 2.215135137648523e+16 4.373679029516590e+27
7.71342e+03 5.20407e+21 2.366507496783132e+16 4.639602616762525e+27
8.18128e+03 5.21663e+21 2.524483865630948e+16 4.921694595373376e+27
8.67758e+03 5.23038e+21 2.687675483636420e+16 5.220938017969770e+27
9.20407e+03 5.24554e+21 2.857232508268858e+16 5.538375707648763e+27
9.76257e+03 5.26220e+21 3.032960211177160e+16 5.875113892082129e+27
1.03550e+04 5.28039e+21 3.213909880956898e+16 6.232326058571079e+27
1.09835e+04 5.30037e+21 3.401174204176922e+16 6.611257043491737e+27
1.16502e+04 5.32218e+21 3.593995429506164e+16 7.013227370382551e+27
1.23575e+04 5.34593e+21 3.791896954101619e+16 7.439637851791298e+27
1.31077e+04 5.37186e+21 3.995639978438655e+16 7.891974470918480e+27
1.39036e+04 5.40001e+21 4.204211091140678e+16 8.371813560069004e+27
1.47479e+04 5.43056e+21 4.417536500645492e+16 8.880827293958337e+27
1.56435e+04 5.46373e+21 4.635930732214312e+16 9.420789517016584e+27
1.65936e+04 5.49957e+21 4.858385472468296e+16 9.993581924997846e+27
1.76014e+04 5.53831e+21 5.085102110943293e+16 1.060120062243695e+28
1.86705e+04 5.58016e+21 5.315970842570000e+16 1.124576307880537e+28
1.98047e+04 5.62519e+21 5.550168905944200e+16 1.192951550760771e+28
2.10078e+04 5.67370e+21 5.788017596158699e+16 1.265484069413372e+28
2.22840e+04 5.72586e+21 6.029105241467202e+16 1.342426629914476e+28
2.36379e+04 5.78180e+21 6.272884857297968e+16 1.424047366743165e+28
2.50740e+04 5.84186e+21 6.519651479768434e+16 1.510630717194085e+28
2.65975e+04 5.90621e+21 6.768850200509838e+16 1.602478412603171e+28
2.82137e+04 5.97505e+21 7.020214819722523e+16 1.699910529840798e+28
2.99280e+04 6.04876e+21 7.273923678893898e+16 1.803266606736630e+28
3.17467e+04 6.12750e+21 7.529418693015842e+16 1.912906825323318e+28
3.36759e+04 6.21159e+21 7.786660178187050e+16 2.029213267022455e+28
3.57224e+04 6.30140e+21 8.045674663150766e+16 2.152591244146967e+28
3.78934e+04 6.39716e+21 8.305997602241866e+16 2.283470712360030e+28
4.01963e+04 6.49928e+21 8.567734391181902e+16 2.422307769012750e+28
4.26393e+04 6.60815e+21 8.830775799729504e+16 2.569586242582120e+28
4.52308e+04 6.72407e+21 9.094801069581104e+16 2.725819378748212e+28
4.79799e+04 6.84757e+21 9.359972966495958e+16 2.891551628986366e+28
5.08962e+04 6.97904e+21 9.626095992069730e+16 3.067360547907395e+28
5.39897e+04 7.11891e+21 9.892999464834659e+16 3.253858805957744e+28
5.72714e+04 7.26780e+21 1.016083305627748e+17 3.451696324493644e+28
6.07525e+04 7.42616e+21 1.042937469630721e+17 3.661562540669643e+28
6.44454e+04 7.59455e+21 1.069858225465890e+17 3.884188810034414e+28
6.83627e+04 7.77369e+21 1.096855009253434e+17 4.120350955206515e+28
7.25183e+04 7.96411e+21 1.123907783789805e+17 4.370871969511912e+28
7.69265e+04 8.16656e+21 1.151021566311698e+17 4.636624885005068e+28
8.16027e+04 8.38182e+21 1.178199176168303e+17 4.918535814868296e+28
8.65633e+04 8.61057e+21 1.205425891733885e+17 5.217587180791679e+28
9.18254e+04 8.85376e+21 1.232711771908044e+17 5.534821136580584e+28
9.74076e+04 9.11227e+21 1.260054083981345e+17 5.871343199921574e+28
1.03329e+05 9.38697e+21 1.287444726362664e+17 6.228326104962903e+28
1.09611e+05 9.67901e+21 1.314895040084515e+17 6.607013889135373e+28
1.16274e+05 9.98941e+21 1.342399306891724e+17 7.008726228455526e+28
1.23343e+05 1.03193e+22 1.369955878763113e+17 7.434863036419134e+28
1.30841e+05 1.06700e+22 1.397574605930545e+17 7.886909342511539e+28
1.38795e+05 1.10429e+22 1.425249416119117e+17 8.366440467335748e+28
1.47233e+05 1.14392e+22 1.452984004048614e+17 8.875127512392960e+28
1.56184e+05 1.18606e+22 1.480785459631404e+17 9.414743183646615e+28
1.65680e+05 1.23087e+22 1.508649385484535e+17 9.987167969164368e+28
1.75752e+05 1.27852e+22 1.536583201038562e+17 1.059439669236618e+29
1.86437e+05 1.32920e+22 1.564591285970478e+17 1.123854546371575e+29
1.97772e+05 1.38310e+22 1.592672203908876e+17 1.192185905508099e+29
2.09795e+05 1.44045e+22 1.620835326556023e+17 1.264671872246220e+29
2.22550e+05 1.50147e+22 1.649083267095154e+17 1.341565050434909e+29
2.36081e+05 1.56639e+22 1.677418067087598e+17 1.423133402462528e+29
2.50434e+05 1.63550e+22 1.705849588596691e+17 1.509661183069734e+29
2.65659e+05 1.70906e+22 1.734380024128246e+17 1.601449929939030e+29
2.81811e+05 1.78738e+22 1.763014787864815e+17 1.698819514513051e+29
2.98944e+05 1.87079e+22 1.791763401565594e+17 1.802109256703539e+29
3.17119e+05 1.95964e+22 1.820628892132062e+17 1.911679107375612e+29
3.36400e+05 2.05429e+22 1.849619537060850e+17 2.027910902728144e+29
3.56852e+05 2.15516e+22 1.878744270327423e+17 2.151209694941576e+29
3.78548e+05 2.26268e+22 1.908007904992743e+17 2.282005163730315e+29
4.01563e+05 2.37731e+22 1.937420949578468e+17 2.420753113718768e+29
4.25978e+05 2.49957e+22 1.966992056581582e+17 2.567937062859181e+29
4.51877e+05 2.62999e+22 1.996728424768862e+17 2.724069927426699e+29
4.79351e+05 2.76916e+22 2.026642131178359e+17 2.889695809463624e+29
5.08495e+05 2.91771e+22 2.056742176860945e+17 3.065391892901883e+29
5.39411e+05 3.07632e+22 2.087038366579956e+17 3.251770454971440e+29
5.72207e+05 3.24573e+22 2.117543871050495e+17 3.449480999904119e+29
6.06997e+05 3.42674e+22 2.148268772556082e+17 3.659212522368534e+29
6.43902e+05 3.62020e+22 2.179225459097602e+17 3.881695908523882e+29
6.83051e+05 3.82706e+22 2.210427984332789e+17 4.117706483059946e+29
7.24581e+05 4.04830e+22 2.241888133848280e+17 4.368066711099398e+29
7.68636e+05 4.28503e+22 2.273620699668624e+17 4.633649064378188e+29
8.15369e+05 4.53842e+22 2.305640666131391e+17 4.915379061692237e+29
8.64943e+05 4.80975e+22 2.337961958212429e+17 5.214238494206020e+29
9.17532e+05 5.10041e+22 2.370601508654701e+17 5.531268846862777e+29
9.73319e+05 5.41190e+22 2.403575478794341e+17 5.867574927819526e+29
1.03250e+06 5.74585e+22 2.436900170879653e+17 6.224328718554951e+29
1.09527e+06 6.10403e+22 2.470594372007050e+17 6.602773458067301e+29
1.16187e+06 6.48835e+22 2.504675744061085e+17 7.004227975395146e+29
1.23251e+06 6.90089e+22 2.539163011254156e+17 7.430091285559286e+29
1.30745e+06 7.34393e+22 2.574076595407836e+17 7.881847464941997e+29
1.38694e+06 7.81990e+22 2.609435941689060e+17 8.361070823093710e+29
1.47127e+06 8.33149e+22 2.645262102773914e+17 8.869431388990141e+29
1.56072e+06 8.88157e+22 2.681577012727576e+17 9.408700730858751e+29
1.65562e+06 9.47331e+22 2.718402060144661e+17 9.980758129855850e+29
1.75628e+06 1.01101e+23 2.755760390882964e+17 1.058759712910876e+30
1.86307e+06 1.07957e+23 2.793675390709256e+17 1.123133248094563e+30
1.97635e+06 1.15341e+23 2.832170435917951e+17 1.191420751652293e+30
2.09651e+06 1.23297e+23 2.871270485773767e+17 1.263860196353302e+30
2.22398e+06 1.31873e+23 2.911000321069704e+17 1.340704023923513e+30
2.35920e+06 1.41120e+23 2.951385191367982e+17 1.422220024771021e+30
2.50265e+06 1.51095e+23 2.992451575623636e+17 1.508692271199656e+30
2.65482e+06 1.61858e+23 3.034225603426431e+17 1.600422107362776e+30
2.81623e+06 1.73477e+23 3.076734174426748e+17 1.697729199407125e+30
2.98747e+06 1.86024e+23 3.120004961409681e+17 1.800952649466379e+30
3.16911e+06 1.99576e+23 3.164065352598663e+17 1.910452177386494e+30
3.36180e+06 2.14219e+23 3.208943634129281e+17 2.026609374301005e+30
3.56621e+06 2.30046e+23 3.254668405998240e+17 2.149829032424827e+30
3.78305e+06 2.47156e+23 3.301268151683085e+17 2.280540555700703e+30
4.01307e+06 2.65658e+23 3.348772193149652e+17 2.419199456214214e+30
4.25707e+06 2.85672e+23 3.397209853446116e+17 2.566288941592158e+30
4.51592e+06 3.07324e+23 3.446610536097567e+17 2.722321598916166e+30
4.79050e+06 3.30755e+23 3.497004283929891e+17 2.887841181019769e+30
5.08178e+06 3.56114e+23 3.548420974329396e+17 3.063424501393920e+30
5.39077e+06 3.83567e+23 3.600890721509270e+17 3.249683444304461e+30
5.71854e+06 4.13291e+23 3.654444029760477e+17 3.447267097126531e+30
6.06625e+06 4.45477e+23 3.709111212628750e+17 3.656864012326796e+30
6.43510e+06 4.80336e+23 3.764922883636529e+17 3.879204606976238e+30
6.82639e+06 5.18093e+23 3.821909830707531e+17 4.115063708155433e+30
7.24146e+06 5.58993e+23 3.880102750715836e+17 4.365263253122774e+30
7.68177e+06 6.03303e+23 3.939532615142711e+17 4.630675153655305e+30
8.14885e+06 6.51309e+23 4.000230408441785e+17 4.912224334544042e+30
8.64434e+06 7.03325e+23 4.062227173736451e+17 5.210891956832529e+30
9.16996e+06 7.59687e+23 4.125554134318792e+17 5.527718837031155e+30
9.72754e+06 8.20762e+23 4.190242544918883e+17 5.863809074222777e+30
1.03190e+07 8.86946e+23 4.256323839744493e+17 6.220333897699580e+30
1.09465e+07 9.58667e+23 4.323829507793203e+17 6.598535748539691e+30
1.16121e+07 1.03639e+24 4.392791228666512e+17 6.999732609347321e+30
1.23181e+07 1.12062e+24 4.463240912330664e+17 7.425322597244931e+30
1.30672e+07 1.21190e+24 4.535210512104575e+17 7.876788836123447e+30
1.38617e+07 1.31081e+24 4.608732175359519e+17 8.355704625129616e+30
1.47046e+07 1.41801e+24 4.683837744452956e+17 8.863738921402041e+30
1.55987e+07 1.53416e+24 4.760558968502067e+17 9.402662156162406e+30
1.65472e+07 1.66003e+24 4.838927982347004e+17 9.974352404430275e+30
1.75534e+07 1.79641e+24 4.918976629043029e+17 1.058080192986205e+31
1.86208e+07 1.94418e+24 5.000736664178947e+17 1.122412412752194e+31
1.97530e+07 2.10428e+24 5.084240166955107e+17 1.190656088877971e+31
2.09542e+07 2.27772e+24 5.169518664822230e+17 1.263049041400058e+31
2.22283e+07 2.46561e+24 5.256603854643856e+17 1.339843550025390e+31
2.35800e+07 2.66913e+24 5.345527353966998e+17 1.421307233292166e+31
2.50138e+07 2.88956e+24 5.436319680552890e+17 1.507723981184484e+31
2.65348e+07 3.12829e+24 5.529011534403511e+17 1.599394944450760e+31
2.81484e+07 3.38681e+24 5.623632680203066e+17 1.696639584073611e+31
2.98600e+07 3.66672e+24 5.720211391660814e+17 1.799796784548419e+31
3.16757e+07 3.96976e+24 5.818775495633645e+17 1.909226034850245e+31
3.36019e+07 4.29778e+24 5.919350260472744e+17 2.025308681204572e+31
3.56452e+07 4.65279e+24 6.021958156294060e+17 2.148449256027637e+31
3.78127e+07 5.03692e+24 6.126619099656832e+17 2.279076887667509e+31
4.01121e+07 5.45246e+24 6.233347131687228e+17 2.417646795858699e+31
4.25513e+07 5.90184e+24 6.342150295359773e+17 2.564641878101725e+31
4.51388e+07 6.38764e+24 6.453029017084803e+17 2.720574392495984e+31
4.78836e+07 6.91258e+24 6.565972863103466e+17 2.885987742890360e+31
5.07954e+07 7.47954e+24 6.680965421391107e+17 3.061458372572581e+31
5.38843e+07 8.09165e+24 6.797996571320303e+17 3.247597773096581e+31
5.71610e+07 8.75246e+24 6.917095629044508e+17 3.445054615248350e+31
6.06370e+07 9.46632e+24 7.038381246439860e+17 3.654517009576419e+31
6.43244e+07 1.02385e+25 7.162051358851296e+17 3.876714904364611e+31
6.82361e+07 1.10746e+25 7.288291981755434e+17 4.112422629403676e+31
7.23856e+07 1.19805e+25 7.417217300433212e+17 4.362461594426507e+31
7.67875e+07 1.29619e+25 7.548881393705004e+17 4.627703151610629e+31
8.14571e+07 1.40248e+25 7.683313766853882e+17 4.909071632123392e+31
8.64107e+07 1.51758e+25 7.820539904586012e+17 5.207547567291823e+31
9.16655e+07 1.64219e+25 7.960584514957032e+17 5.524171105622468e+31
9.72399e+07 1.77706e+25 8.103476141180841e+17 5.860045637579112e+31
1.03153e+08 1.92302e+25 8.249245485479233e+17 6.216341640750193e+31
1.09426e+08 2.08094e+25 8.397920956917823e+17 6.594300758805841e+31
1.16081e+08 2.25178e+25 8.549530921789860e+17 6.995240128459144e+31
1.23140e+08 2.43655e+25 8.704107383740447e+17 7.420556969510503e+31
1.30629e+08 2.63637e+25 8.861695744159644e+17 7.871733453970808e+31
1.38573e+08 2.85247e+25 9.022344369133427e+17 8.350341871231627e+31
1.47001e+08 3.08614e+25 9.186098230764081e+17 8.858050107282336e+31
1.55940e+08 3.33878e+25 9.352999172555917e+17 9.396627457068591e+31
1.65424e+08 3.61192e+25 9.523089181197313e+17 9.967950790247323e+31
1.75484e+08 3.90716e+25 9.696405698780895e+17 1.057401109182517e+32
1.86157e+08 4.22625e+25 9.872984386638966e+17 1.121692040047356e+32
1.97478e+08 4.57107e+25 1.005286004535262e+18 1.189891916869952e+32
2.09488e+08 4.94363e+25 1.023606258507569e+18 1.262238407052148e+32
2.22228e+08 5.34609e+25 1.042262264425522e+18 1.338983628385869e+32
2.35744e+08 5.78078e+25 1.061257159634276e+18 1.420395027649730e+32
2.50081e+08 6.25022e+25 1.080594159247888e+18 1.506756312625105e+32
2.65290e+08 6.75713e+25 1.100277405295214e+18 1.598368440779606e+32
2.81425e+08 7.30447e+25 1.120312049471649e+18 1.695550668063391e+32
2.98541e+08 7.89548e+25 1.140704672658008e+18 1.798641661473233e+32
3.16698e+08 8.53371e+25 1.161463938573663e+18 1.908000679261471e+32
3.35959e+08 9.22304e+25 1.182599884631951e+18 2.024008822902724e+32
3.56392e+08 9.96772e+25 1.204123537644940e+18 2.147070365181286e+32
3.78068e+08 1.07723e+26 1.226046301541677e+18 2.277614159027438e+32
4.01062e+08 1.16418e+26 1.248378459614995e+18 2.416095132012246e+32
4.25455e+08 1.25815e+26 1.271128911165111e+18 2.562995871708993e+32
4.51332e+08 1.35970e+26 1.294304853866483e+18 2.718828307445987e+32
4.78783e+08 1.46944e+26 1.317915959906400e+18 2.884135494311444e+32
5.07903e+08 1.58808e+26 1.341975165914189e+18 3.059493505627468e+32
5.38795e+08 1.71633e+26 1.366494039233020e+18 3.245513440488126e+32
5.71567e+08 1.85499e+26 1.391482518846365e+18 3.442843553357633e+32
6.06331e+08 2.00490e+26 1.416949885933832e+18 3.652171513150009e+32
6.43211e+08 2.16698e+26 1.442904460897424e+18 3.874226799662794e+32
6.82333e+08 2.34219e+26 1.469353854151523e+18 4.109783245716070e+32
7.23836e+08 2.53159e+26 1.496305596596204e+18 4.359661733855803e+32
7.67864e+08 2.73631e+26 1.523766413022883e+18 4.624733057019156e+32
8.14570e+08 2.95756e+26 1.551742582786345e+18 4.905920953130801e+32
8.64117e+08 3.19664e+26 1.580240040248021e+18 5.204205324205406e+32
9.16678e+08 3.45495e+26 1.609263456245602e+18 5.520625651174407e+32
9.72437e+08 3.73397e+26 1.638816718032324e+18 5.856284616337310e+32
1.03159e+09 4.03530e+26 1.668902425112408e+18 6.212351946061259e+32
1.09434e+09 4.36062e+26 1.699520937467769e+18 6.590068487120164e+32
1.16090e+09 4.71172e+26 1.730670840690923e+18 6.990750530878891e+32
1.23152e+09 5.09049e+26 1.762348050497919e+18 7.415794400391698e+32
1.30643e+09 5.49891e+26 1.794545731551101e+18 7.866681316400356e+32
1.38590e+09 5.93908e+26 1.827256659426613e+18 8.344982559189306e+32
1.47021e+09 6.41330e+26 1.860476893179182e+18 8.852364944286202e+32
1.55964e+09 6.92399e+26 1.894200621523185e+18 9.390596631089918e+32
1.65452e+09 7.47351e+26 1.928406978917262e+18 9.961553284668367e+32
1.75517e+09 8.06403e+26 1.963057306860622e+18 1.056722461219908e+33
1.86194e+09 8.69730e+26 1.998085272991446e+18 1.120972129683122e+33
1.97521e+09 9.37412e+26 2.033375011373452e+18 1.189128235313259e+33
2.09536e+09 1.00931e+27 2.068712768157218e+18 1.261428292975443e+33
2.22283e+09 1.08481e+27 2.103693446745881e+18 1.338124258650506e+33
2.35805e+09 1.16264e+27 2.137684292126254e+18 1.419483407467716e+33
2.50150e+09 1.23766e+27 2.168569183273512e+18 1.505789265122666e+33
2.65368e+09 1.32894e+27 2.203992377673235e+18 1.597342595926207e+33
2.81512e+09 1.43282e+27 2.241995970280793e+18 1.694462450927633e+33
2.98639e+09 1.54633e+27 2.281137478098422e+18 1.797487279764700e+33
3.16807e+09 1.66955e+27 2.321191356339382e+18 1.906776110115106e+33
3.36081e+09 1.80302e+27 2.362088558676600e+18 2.022709798859684e+33
3.56528e+09 1.94747e+27 2.403812957970761e+18 2.145692359317423e+33
3.78218e+09 2.10374e+27 2.446361512094316e+18 2.276152369177578e+33
4.01229e+09 2.27273e+27 2.489734186589547e+18 2.414544464035288e+33
4.25640e+09 2.45543e+27 2.533934355029263e+18 2.561350921735510e+33
4.51537e+09 2.65290e+27 2.578968013756661e+18 2.717083343046470e+33
4.79009e+09 2.86629e+27 2.624842362937996e+18 2.882284434519558e+33
5.08154e+09 3.09687e+27 2.671566472047715e+18 3.057529899748698e+33
5.39072e+09 3.34598e+27 2.719150416447744e+18 3.243430445619971e+33
5.71871e+09 3.61508e+27 2.767604649506885e+18 3.440633910543020e+33
6.06667e+09 3.90576e+27 2.816941153529247e+18 3.649827522080797e+33
6.43580e+09 4.21972e+27 2.867172263019669e+18 3.871740291845236e+33
6.82740e+09 4.55880e+27 2.918310839530039e+18 4.107145556004711e+33
7.24283e+09 4.92501e+27 2.970371168068494e+18 4.356863670256613e+33
7.68354e+09 5.32048e+27 3.023367499490996e+18 4.621764868656668e+33
8.15108e+09 5.74756e+27 3.077314825977187e+18 4.902772296267620e+33
8.64707e+09 6.20875e+27 3.132229041981804e+18 5.200865226195671e+33
9.17326e+09 6.70676e+27 3.188125336858287e+18 5.517082472225603e+33
9.73146e+09 7.24452e+27 3.245019161936248e+18 5.852526008947150e+33
1.03237e+10 7.82515e+27 3.302925255756983e+18 6.208364811988301e+33
1.09519e+10 8.45207e+27 3.361859636823732e+18 6.585838931738200e+33
1.16184e+10 9.12912e+27 3.421855353674776e+18 6.986263814756040e+33
1.23254e+10 9.86048e+27 3.482944521006808e+18 7.411034887925473e+33
1.30755e+10 1.06505e+28 3.545150853852072e+18 7.861632421329689e+33
1.38712e+10 1.15040e+28 3.608492475399646e+18 8.339626686793655e+33
1.47154e+10 1.24258e+28 3.672981721494738e+18 8.846683430070315e+33
1.56110e+10 1.34213e+28 3.738626250894970e+18 9.384569675740589e+33
1.65610e+10 1.44960e+28 3.805429517096120e+18 9.955159885056473e+33
1.75690e+10 1.56558e+28 3.873387324180656e+18 1.056044248818651e+34
1.86383e+10 1.69069e+28 3.942485572658958e+18 1.120252681362759e+34
1.97726e+10 1.82555e+28 4.012693332846285e+18 1.188365043893118e+34
2.09761e+10 1.97074e+28 4.083946406402385e+18 1.260618698836027e+34
2.22528e+10 2.12676e+28 4.156112855821668e+18 1.337265440465084e+34
2.36073e+10 2.29365e+28 4.228882637886637e+18 1.418572372370372e+34
2.50442e+10 2.40003e+28 4.272606027093405e+18 1.504822838278567e+34
2.65686e+10 2.59046e+28 4.346383674903293e+18 1.596317409467728e+34
2.81859e+10 2.79728e+28 4.421908542190747e+18 1.693374932217795e+34
2.99016e+10 3.02121e+28 4.498994144689672e+18 1.796333638947006e+34
3.17218e+10 3.26355e+28 4.577624009135149e+18 1.905552326906403e+34
3.36528e+10 3.52578e+28 4.657825209525891e+18 2.021411608540017e+34
3.57014e+10 3.80948e+28 4.739612410661054e+18 2.144315237868059e+34
3.78748e+10 4.11634e+28 4.822999732794216e+18 2.274691517515406e+34
4.01805e+10 4.44820e+28 4.908002277087020e+18 2.412994791288666e+34
4.26266e+10 4.80704e+28 4.994638396636597e+18 2.559707027503257e+34
4.52218e+10 5.19500e+28 5.082928959567005e+18 2.715339498578193e+34
4.79749e+10 5.61440e+28 5.172895029478899e+18 2.880434562751730e+34
5.08958e+10 6.06775e+28 5.264560024466642e+18 3.055567554126906e+34
5.39946e+10 6.55775e+28 5.357947767608363e+18 3.241348787633547e+34
5.72821e+10 7.08732e+28 5.453081036108884e+18 3.438425685893739e+34
6.07699e+10 7.65959e+28 5.549983945438261e+18 3.647485035402632e+34
6.44701e+10 8.27796e+28 5.648679112238441e+18 3.869255379887044e+34
6.83958e+10 8.94604e+28 5.749187436482550e+18 4.104509559182392e+34
7.25606e+10 9.66776e+28 5.851529339527284e+18 4.354067402475628e+34
7.69791e+10 1.04473e+29 5.955719245551254e+18 4.618798585299733e+34
8.16668e+10 1.12891e+29 6.061771437988841e+18 4.899625660236028e+34
8.66402e+10 1.21977e+29 6.169674351167687e+18 5.197527271885891e+34
9.19165e+10 1.31794e+29 6.279552115833098e+18 5.513541567315622e+34
9.75143e+10 1.42298e+29 6.390376176810364e+18 5.848769813859402e+34
1.03453e+11 1.53385e+29 6.500628297954333e+18 6.204380236887896e+34
1.09754e+11 1.64862e+29 6.608198917740999e+18 6.581612090916601e+34
1.16438e+11 1.76975e+29 6.715223760391938e+18 6.981779978241248e+34
1.23530e+11 1.90288e+29 6.826083015853354e+18 7.406278430150046e+34
1.31053e+11 2.04112e+29 6.934592137337537e+18 7.856586766677744e+34
1.39036e+11 2.02779e+29 6.924732767107103e+18 8.334274251837078e+34
1.47503e+11 2.03560e+29 6.930179364439353e+18 8.841005562292868e+34
1.56485e+11 2.03913e+29 6.932500930043927e+18 9.378546588536404e+34
1.66013e+11 1.97936e+29 6.895454609936951e+18 9.948770588776404e+34
1.76121e+11 2.13416e+29 6.985903102152459e+18 1.055366471699200e+35
1.86845e+11 2.30227e+29 7.078485162892380e+18 1.119533694789724e+35
1.98221e+11 2.48444e+29 7.173058549675095e+18 1.187602342294953e+35
2.10291e+11 2.68170e+29 7.269578938931195e+18 1.259809624300203e+35
2.23096e+11 2.89509e+29 7.368000197084566e+18 1.336407173475615e+35
2.36681e+11 3.12582e+29 7.468306877432461e+18 1.417661921982186e+35
2.51093e+11 3.37518e+29 7.570491178305459e+18 1.503857031694464e+35
2.66384e+11 3.64460e+29 7.674554047279173e+18 1.595292880981607e+35
2.82606e+11 3.93561e+29 7.780499292112903e+18 1.692288111485621e+35
2.99816e+11 4.24983e+29 7.888328401648773e+18 1.795180738544641e+35
3.18075e+11 4.58905e+29 7.998046470085651e+18 1.904329329130942e+35
3.37446e+11 4.95515e+29 8.109663148010026e+18 2.020114251408633e+35
3.57998e+11 5.35007e+29 8.223149047956118e+18 2.142939000265570e+35
3.79802e+11 5.77581e+29 8.338464524351023e+18 2.273231603438789e+35
4.02935e+11 6.23453e+29 8.455575849076366e+18 2.411446113133637e+35
4.27477e+11 6.72831e+29 8.574397363194388e+18 2.558064188334652e+35
4.53515e+11 7.25907e+29 8.694782452294951e+18 2.713596773322376e+35
4.81140e+11 7.82832e+29 8.816480058502134e+18 2.878585878245477e+35
5.10448e+11 8.43673e+29 8.939076816877527e+18 3.053606467953253e+35
5.41542e+11 9.08410e+29 9.062033202195041e+18 3.239268465670831e+35
5.74531e+11 9.75998e+29 9.183028818431049e+18 3.436218878499600e+35
6.09534e+11 9.81643e+29 9.192554441411375e+18 3.645144052149989e+35
6.46663e+11 1.02091e+30 9.255013110207969e+18 3.866772062763984e+35
6.86053e+11 1.05787e+30 9.310426640964682e+18 4.101875254162604e+35
7.27839e+11 1.09504e+30 9.362969479253250e+18 4.351272929360277e+35
7.72168e+11 1.13321e+30 9.413825011647195e+18 4.615834205725705e+35
8.19195e+11 1.17295e+30 9.463726403997114e+18 4.896481043739042e+35
8.69083e+11 1.21471e+30 9.513168751027503e+18 5.194191459900221e+35
9.22007e+11 1.25893e+30 9.562507915317996e+18 5.510002934984971e+35
9.78153e+11 1.30599e+30 9.612007964577331e+18 5.845016029525835e+35
1.03771e+12 1.35628e+30 9.661873611148831e+18 6.200398219117673e+35
1.10090e+12 1.41020e+30 9.712271293370739e+18 6.577387962913144e+35
1.16793e+12 1.46816e+30 9.763338680123406e+18 6.977299019486361e+35
1.23905e+12 1.53060e+30 9.815194939645708e+18 7.401525025104894e+35
1.31449e+12 1.59798e+30 9.867945216027320e+18 7.851544350364799e+35
1.39452e+12 1.67081e+30 9.921683165892637e+18 8.328925252113399e+35
1.47942e+12 1.74961e+30 9.976496341499765e+18 8.835331338613545e+35
1.56949e+12 1.83497e+30 1.003246603175348e+19 9.372527366994764e+35
1.66504e+12 1.92752e+30 1.008966931738580e+19 9.942385393194606e+35
1.76641e+12 2.02795e+30 1.014818001517408e+19 1.054689129582188e+36
1.87395e+12 2.13700e+30 1.020807101366698e+19 1.118815169667664e+36
1.98803e+12 2.25550e+30 1.026941131624518e+19 1.186840130204396e+36
2.10906e+12 2.38432e+30 1.033227185732285e+19 1.259001069034484e+36
2.23746e+12 2.52444e+30 1.039672120850438e+19 1.335549457328337e+36
2.37367e+12 2.67691e+30 1.046282749849660e+19 1.416752055927889e+36
2.51818e+12 2.84289e+30 1.053066224163215e+19 1.502891844972271e+36
2.67148e+12 3.02364e+30 1.060029343427769e+19 1.594269010045553e+36
2.83412e+12 3.22054e+30 1.067179262304973e+19 1.691201988283144e+36
3.00666e+12 3.43510e+30 1.074523383993426e+19 1.794028578082401e+36
3.18971e+12 3.66897e+30 1.082068885988453e+19 1.903107116284627e+36
3.38390e+12 3.92395e+30 1.089823384965918e+19 2.018817726930788e+36
3.58992e+12 4.20203e+30 1.097794928037614e+19 2.141563645942695e+36
3.80848e+12 4.50537e+30 1.105991432901081e+19 2.271772626345976e+36
4.04035e+12 4.83633e+30 1.114421105914614e+19 2.409898428931863e+36
4.28634e+12 5.19753e+30 1.123092810374066e+19 2.556422403552546e+36
4.54732e+12 5.59184e+30 1.132015821082828e+19 2.711855166560697e+36
4.82419e+12 6.02238e+30 1.141199448704691e+19 2.876738380238807e+36
5.11793e+12 6.49259e+30 1.150653452341686e+19 3.051646640419416e+36
5.42955e+12 7.00626e+30 1.160388316907249e+19 3.237189478874352e+36
5.76016e+12 7.56758e+30 1.170415333530566e+19 3.434013487450998e+36
6.11092e+12 8.18114e+30 1.180746244501052e+19 3.642804571357955e+36
6.48304e+12 8.85200e+30 1.191393167351144e+19 3.864290339452480e+36
6.87783e+12 9.58572e+30 1.202368951964198e+19 4.099242639859535e+36
7.29668e+12 1.03884e+31 1.213687438583413e+19 4.348480249758731e+36
7.74106e+12 1.12670e+31 1.225363434834760e+19 4.612871728712720e+36
8.21251e+12 1.22289e+31 1.237412902983470e+19 4.893338445480510e+36
8.71270e+12 1.32824e+31 1.249852433685109e+19 5.190857788863704e+36
9.24337e+12 1.44351e+31 1.262680998663081e+19 5.506466573775092e+36
9.80639e+12 1.57021e+31 1.275970878173451e+19 5.841264654399209e+36
1.04037e+13 1.71023e+31 1.289814530491144e+19 6.196418757036322e+36
1.10375e+13 1.86209e+31 1.303965588157036e+19 6.573166545986720e+36
1.17099e+13 2.02236e+31 1.318042977750223e+19 6.972820936644410e+36
1.24233e+13 2.18639e+31 1.331622307485900e+19 7.396774670830750e+36
1.31802e+13 2.37752e+31 1.346535761858424e+19 7.846505170312461e+36
1.39832e+13 2.60210e+31 1.363051646128818e+19 8.323579685417860e+36
1.48352e+13 2.84399e+31 1.379818169140193e+19 8.829660756693537e+36
1.57393e+13 3.10875e+31 1.397114787712337e+19 9.366512008634656e+36
1.66984e+13 3.40087e+31 1.415101927773003e+19 9.936004295679223e+36
1.77161e+13 3.72244e+31 1.433763161879662e+19 1.054012222188426e+37
1.87959e+13 4.07650e+31 1.453128715467382e+19 1.118097105700417e+37
1.99416e+13 4.46633e+31 1.473223532558858e+19 1.186078407307274e+37
2.11572e+13 4.89559e+31 1.494078364933271e+19 1.258193032705599e+37
2.24470e+13 5.36827e+31 1.515721018906111e+19 1.334692291669715e+37
2.38156e+13 5.88866e+31 1.538177559549598e+19 1.415842773832449e+37
2.52678e+13 6.46142e+31 1.561471076303903e+19 1.501927277714156e+37
2.68087e+13 7.09152e+31 1.585621104992666e+19 1.593245796237545e+37
2.84437e+13 7.78421e+31 1.610641938161731e+19 1.690116562162685e+37
3.01786e+13 8.54503e+31 1.636541259163298e+19 1.792877157085387e+37
3.20195e+13 9.37973e+31 1.663318944635835e+19 1.901885687863682e+37
3.39730e+13 1.02941e+32 1.690964568172283e+19 2.017522034572076e+37
3.60459e+13 1.12941e+32 1.719455146027050e+19 2.140189174332541e+37
3.82455e+13 1.23854e+32 1.748754392571540e+19 2.270314585635604e+37
4.05796e+13 1.35637e+32 1.778569614585439e+19 2.408351738045418e+37
4.30565e+13 1.48809e+32 1.809975425039513e+19 2.554781672480229e+37
4.56848e+13 1.63322e+32 1.842587105310295e+19 2.710114677575301e+37
4.84746e+13 1.71426e+32 1.859745622504914e+19 2.874892067970212e+37
5.14351e+13 1.72471e+32 1.861831653609954e+19 3.049688070717588e+37
5.45745e+13 1.76489e+32 1.869392164370571e+19 3.235111826387193e+37
5.79044e+13 1.79397e+32 1.874549117109398e+19 3.431809511838911e+37
6.14365e+13 1.80489e+32 1.876374647051292e+19 3.640466592062238e+37
6.51832e+13 1.81943e+32 1.878665143992109e+19 3.861810208929611e+37
6.91576e+13 1.84818e+32 1.882935869854262e+19 4.096611715188070e+37
7.33737e+13 1.89542e+32 1.889551772780064e+19 4.345689362519897e+37
7.78462e+13 1.96933e+32 1.899307778471310e+19 4.609911153039701e+37
8.25902e+13 2.03960e+32 1.908051382354670e+19 4.890197864165108e+37
8.76225e+13 2.12577e+32 1.918157127823075e+19 5.187526257402261e+37
9.29651e+13 2.48431e+32 1.957787920171549e+19 5.502932482228358e+37
9.86370e+13 3.05715e+32 2.017444073744329e+19 5.837515686933273e+37
1.04656e+14 3.58741e+32 2.069467765120750e+19 6.192441849003583e+37
1.11046e+14 4.18594e+32 2.124791458661480e+19 6.568947838397344e+37
1.17828e+14 4.85954e+32 2.183447663749003e+19 6.968345727869613e+37
1.25028e+14 5.61107e+32 2.245098888243599e+19 7.392027365369610e+37
1.32670e+14 6.45322e+32 2.310177410253243e+19 7.841469224443679e+37
1.40783e+14 7.40022e+32 2.379113399644110e+19 8.318237549547122e+37
1.49397e+14 8.46948e+32 2.452429364199839e+19 8.823993814195534e+37
1.58541e+14 9.68357e+32 2.530838701012237e+19 9.360500510976659e+37
1.68251e+14 1.10716e+33 2.615269438491256e+19 9.929627293600084e+37
1.78561e+14 1.26710e+33 2.706887983778855e+19 1.053335749238907e+38
1.89509e+14 1.45293e+33 2.807128461939953e+19 1.117379502592009e+38
2.01137e+14 1.67071e+33 2.917744033188058e+19 1.185317173289621e+38
2.13488e+14 1.92814e+33 3.040845128562756e+19 1.257385514980490e+38
2.26608e+14 2.23516e+33 3.179042892493756e+19 1.333835676146442e+38
2.40549e+14 2.60323e+33 3.334968833146459e+19 1.414934075321078e+38
2.55366e+14 3.05580e+33 3.515368474025842e+19 1.500963329522541e+38
2.71116e+14 3.59839e+33 3.718818318258701e+19 1.592223239135834e+38
2.87865e+14 4.21059e+33 3.934711594696303e+19 1.689031832676851e+38
3.05681e+14 4.98864e+33 4.192683709275464e+19 1.791726475079005e+38
3.24642e+14 5.99541e+33 4.506360703420015e+19 1.900665043364659e+38
3.44831e+14 7.22285e+33 4.865520769364958e+19 2.016227173798439e+38
3.66340e+14 8.72851e+33 5.279060412791857e+19 2.138815584868575e+38
3.89270e+14 1.05776e+34 5.755464299254102e+19 2.268857480706695e+38
4.13732e+14 1.28444e+34 6.302875561384783e+19 2.406806039836784e+38
4.39852e+14 1.56156e+34 6.929624211283237e+19 2.553141994441419e+38
4.67768e+14 1.89928e+34 7.644330330785368e+19 2.708375305648791e+38
4.97633e+14 2.30967e+34 8.456144599532803e+19 2.873046940678678e+38
5.29619e+14 2.80693e+34 9.374537492592475e+19 3.047730758040485e+38
5.63921e+14 3.40774e+34 1.040930537256723e+20 3.233035507352983e+38
6.00755e+14 4.13175e+34 1.157055927278995e+20 3.429606950754904e+38
6.40365e+14 5.00200e+34 1.286853595998040e+20 3.638130113299171e+38
6.83030e+14 6.04546e+34 1.431348223245592e+20 3.859331670173112e+38
7.29060e+14 7.29342e+34 1.591527876116656e+20 4.093982479063795e+38
7.78812e+14 8.78194e+34 1.768298042268848e+20 4.342900266493426e+38
8.32688e+14 1.05521e+35 1.962427469464978e+20 4.606952477486355e+38
8.91143e+14 1.26498e+35 2.174473531799415e+20 4.887059298498350e+38
9.54696e+14 1.51265e+35 2.404750409500903e+20 5.184196864142697e+38
1.02393e+15 1.80382e+35 2.653266396205057e+20 5.499400658888087e+38
1.09950e+15 2.14447e+35 2.919642307117311e+20 5.833769125582776e+38
1.18216e+15 2.54098e+35 3.203136111816501e+20 6.188467493380246e+38
1.27274e+15 3.00076e+35 3.503158484891947e+20 6.564731838406137e+38
1.37216e+15 3.53134e+35 3.818580536649194e+20 6.963873391317375e+38
1.48148e+15 4.14073e+35 4.148089186802966e+20 7.387283106764719e+38
1.60186e+15 4.83801e+35 4.490498073221575e+20 7.836436510682725e+38
1.73459e+15 5.63304e+35 4.844584467494355e+20 8.312898842299249e+38
1.88113e+15 6.53695e+35 5.209245603529260e+20 8.818330508783731e+38
2.04309e+15 7.56192e+35 5.583384757171695e+20 9.354492871542948e+38
2.22228e+15 8.72154e+35 5.966003692403881e+20 9.923254384328713e+38
2.42069e+15 1.00314e+36 6.356311928089811e+20 1.052659710454801e+39
2.64059e+15 1.15088e+36 6.753572178171844e+20 1.116662360046659e+39
2.88446e+15 1.31734e+36 7.157156231299113e+20 1.184556427837670e+39
3.15511e+15 1.50471e+36 7.566505152119839e+20 1.256578515526313e+39
3.45566e+15 1.71546e+36 7.981128457306733e+20 1.332979610405437e+39
3.78960e+15 1.95236e+36 8.400617915950081e+20 1.414025960019227e+39
4.16083e+15 2.21854e+36 8.824609875859609e+20 1.500000000000105e+39
