 "Unnamed: 0" redshift luminosity_distance mass_1_source mass_2_source chi_eff chi_1 chi_2 mass_1 mass_2 radius_1 radius_2 lambda_1 lambda_2 theta_jn phase psi ra dec geocent_time prompt_collapse inclination_EM log10_mej_dyn v_ej_dyn Ye_dyn log10_mdisk log10_mej_wind v_ej_wind Ye_wind chi_BH Ebv trigger_time has_grb thetaCore log10_Ekin_iso log10_n0 redshift_measured afterglow_detected snr
0 0 0.4754601950711065 2750.562396682465 1.5221036558402397 1.2691483858547117 0.053115747981519 0.0704570102971827 0.0323181808398483 2.245803356964484 1.8725779249673724 13.688775181338643 13.825333678356968 515.4846568467972 1628.9628272955624 2.791674920794625 2.444502362581255 1.6119109110295726 5.0429661008239135 -0.2989720797315949 2215003164.4579544 3 0.3499177327951683 -2.168420699080767 0.17742105629906857 0.3297028733285928 -0.7095401837005573 -0.9009488605537042 0.0546244471056348 0.3116242899550119 0.6240549676228356 0.11131301 69880.61091965224 True 0.3138171209629204 50.7519024495932 -3.4669793738191066 0.4772666468933649 True 17.442
1 1 0.2972067358615938 1585.8351650486034 1.369255032279486 1.317887092684908 -0.0193624754010342 0.0123920334932995 -0.0523546955559103 1.7762068509853333 1.7095720137359152 13.780903029273574 13.805116744819665 1023.8777856482138 1297.8877287217438 3.10761571751802 3.871064635300496 2.918870850001345 5.266143366003309 -0.6968740655292615 2215584740.851566 4 0.0339769360717736 -2.6773519427097554 0.1677061740049628 0.2767033481404821 -0.7765240547841971 -1.2266046128340777 0.0857856919268448 0.3909959345841217 0.5659922539057138 0.07986579 69887.34212791164 False 0.0583182912029337 52.41904389344597 -1.943694842731672 0.2938923501276699 False 19.491
2 2 0.0859588838497393 405.22364255401607 1.9636193559305768 1.1447451131126205 -0.0404967103272114 -0.0825991194868782 0.0317229520327684 2.132409884072114 1.2431461253282248 13.1762144955766 13.86454077343321 71.53493380888752 2968.3174821684997 1.906035549584388 4.138243224849251 3.066922457680972 4.57995811841359 -0.2156075869535662 2226157034.4385705 1 1.2355571040054052 -3.0737185454133273 0.17850728651336345 0.2963351037601672 -1.0 -2.048059265514352 0.1134905849532532 0.2205763874570699 0.6648245011589857 0.7254539 70009.70663702048 True 0.1103990043138291 51.98129685991523 -3.942744508147111 0.0851758316087476 True 29.978
3 3 0.135612245490427 660.3792790578775 1.4280047385565322 1.2094416414345848 -0.0547399800585213 -0.063749313822446 -0.0441025331033615 1.6216596677231536 1.3734567382191567 13.74935870157842 13.846430336182465 782.7990724021278 2159.718545285749 1.210095347348531 5.579129544442316 2.4012348975548816 4.727051229768162 -0.525371235336775 2232734370.6089435 4 1.210095347348531 -2.4402805663783536 0.16208585370057815 0.2722249036376281 -0.7134628780663681 -1.3694017009868933 0.1218668055171703 0.3189595500521488 0.508021659624709 0.62595606 70085.83321306648 False 0.2908526123707899 51.18462441565258 -3.1657658077452107 0.1362565252377502 False 20.235
4 4 0.2131984472677329 1087.4953416446983 1.4855627314367752 1.262953743150137 -0.0393285295473097 -0.0510035099019953 -0.0255957101156835 1.802282399097908 1.5322135201607172 13.71372295011543 13.827771823620395 607.2404245677579 1674.8408609436285 2.7808978495908807 0.0690236865394485 1.6632528202463126 5.611087466057263 -0.3548946999842908 2230163695.870378 2 0.3606948039989126 -2.2592171739388993 0.17320492674952437 0.2063087073114319 -0.7275287664116109 -1.065208638953644 0.067224111429453 0.3515551590691602 0.598973114011816 0.056908112 70056.08003322197 True 0.1517077207948957 51.56081177426575 -4.2885609751040255 0.2114173638067639 True 25.864
5 5 0.3297280268448787 1787.9863355570512 1.527630043372163 1.2236341448981092 0.014380702036076 0.046466880556952 -0.0256768678591921 2.0313324833222226 1.627100617075383 13.684773511658678 13.841734113162008 503.3125857370368 2020.7988705122702 2.780269951099358 0.2639903300249805 1.952930070752784 0.8778123200788389 0.8171041506005994 2225037999.965248 2 0.3613227024904351 -2.111065124595072 0.17308736308560524 0.2975644385204199 -0.6466714599345111 -0.9149599017056695 0.0789014166576459 0.3364624654587033 0.5888355457189849 0.48222303 69996.75484913481 True 0.3332027464886349 50.90791912336059 -0.2283933789759489 0.3268371683093121 True 18.353
6 6 0.4240367445394934 2400.8756952206027 1.8368539830293007 1.111472300893169 0.0333241571360293 0.025299650685965 0.0465857081641567 2.6157475661874474 1.5827773970097287 13.374411592805558 13.872474610933274 128.35865533384268 3504.5229610830684 2.7253734456723486 1.7461558545042637 2.3666695184757334 4.566983307227468 0.5345335484321303 2223626956.7839103 1 0.4162192079174445 -2.9211856581317774 0.16766380407765769 0.2320783279277556 -1.0 -1.5790037277738516 0.114606987051726 0.3551077250428993 0.6085151504494121 0.048710603 69980.4233308323 True 0.3171397526370696 50.944292968581536 -2.515708157000629 0.4188175808624353 True 13.97
7 7 0.4047457238607615 2272.4255673404327 1.7137177055575827 1.1763257785236614 0.0098066457512562 0.0324918193869748 -0.0232420083061001 2.4073376187864897 1.6524386072482944 13.521802663325204 13.856261356320879 221.9242124612116 2535.374886668393 0.1609790363578448 4.132491606460667 2.8905077684156866 4.096062183192653 0.5482990975088402 2222931160.398173 1 0.1609790363578448 -2.8516337697366585 0.1819870151393287 0.1848860598020487 -1.0 -1.766344219655203 0.0948547995181838 0.364999249915912 0.6294636009674403 0.024106018 69972.3701319233 True 0.1309633341060679 51.76138839908409 -4.334710367463288 0.4061408115942408 True 15.562
8 8 0.3605221588773148 1983.865237116319 1.5013680102246691 1.2799205815842207 -0.0197191700714888 -0.0349532492236701 -0.0018493432764499 2.0426444465402054 1.7413603128484725 13.703290966490405 13.821085970625331 564.8761774260829 1549.4663410584003 2.775316385131253 5.2405329158524045 1.134577276501756 3.1493374325051726 -0.552167248058937 2227739855.531088 3 0.3662762684585405 -2.22807491648151 0.1765097150002648 0.2047868921537362 -0.7366445464176006 -1.1834810961188915 0.1459281670002351 0.3406515437228427 0.6214767439251363 0.06858648 70028.0263255913 True 0.2493865590975258 51.18231168594857 -1.9049067725688933 0.36307823027755 True 38.708
9 9 0.4265804503806684 2417.9265912309884 1.5571481128544695 1.2525009240387666 -0.0223594222092598 -0.0642127189650399 0.029673898333012 2.221397056145337 1.7867933323174268 13.663020908327969 13.831736433662202 440.59686354894336 1757.6256400558368 0.0366129474449994 4.183581735150454 3.098371320061689 1.2158067889471988 -0.9579378853508804 2220376995.8054347 3 0.0366129474449994 -2.0743668587733968 0.17915366908315744 0.2759000979468021 -0.6613674377529075 -1.0428595371456346 0.1472825176713443 0.3817633778684324 0.6286656646598755 0.01151906 69942.80804172957 True 0.2961877580975362 51.07532667197766 -2.122436662119273 0.4246574036589108 True 28.971
10 10 0.1020575417342105 486.3254207684174 1.2327637723352705 1.167219251224726 0.0344376091244811 0.0071459318948074 0.0632618346842526 1.3585766124788 1.2863427786695676 13.838598486339112 13.858786700504565 1936.4216420692146 2650.521293465343 2.8117724696977464 5.779112638827914 0.5117200940256895 5.594861605872983 0.1440182679594745 2229491323.6982217 4 0.3298201838920467 -inf 0.1401999155945044 0.1948089277563868 -0.7681589360680569 -1.157847243110692 0.114596545734235 0.292329895705608 0.20756193845969287 0.053718645 70048.29794789609 False 0.3769346834744053 50.59785002496298 -0.4980585557650272 0.1016348628052529 False 58.396
11 11 0.1970331211384813 995.7720591879448 1.528448704924418 1.1413187539236958 0.0686312587465987 0.0863742903275159 0.0448698743410122 1.8296037237557456 1.3661963502231638 13.684180716981704 13.865399259497838 501.5094536600132 3018.8759867211015 2.430015062406568 3.4305714764735384 1.1164671789273009 4.826203773164124 0.521924841909209 2219338357.035548 4 0.7115775911832253 -2.0116680372139197 0.16373001543235832 0.1962668128173667 -0.5496778877109686 -0.7661563021069929 0.129825173699217 0.2078789354103396 0.5038482649039914 0.120009094 69930.7867596707 False 0.3643069527302318 50.84966443946795 -0.7529366463252867 0.1952689038514296 False 22.739
12 12 0.3033340624030005 1623.5431501163755 1.2428827604975723 1.1545514069848797 -0.031902762990986 -0.0854700003690137 0.0257627471472765 1.6198914373299569 1.5047661755187032 13.83508474575977 13.862052391929913 1844.5662038960133 2827.142940286447 2.327834416895084 1.5643561925839968 2.305713439126343 4.167714339858033 -0.2344567111566273 2223563761.785253 4 0.8137582366947093 -inf 0.13981390621540007 0.2971763586762188 -0.7698324557438178 -1.0377139471939931 0.0917907847993428 0.3555206354846588 0.2006852350407509 0.13552286 69979.69190723673 False 0.3162053592450361 50.5891886544279 -3.9637125719461466 0.3041563548689497 False 12.873
13 13 0.0799356507458458 375.28947061571085 1.45352466034009 1.2921615605931214 0.0589744564170564 0.0263233360728382 0.0957029972244991 1.5697130999395097 1.3954513358079002 13.734056186264487 13.8162360524523 700.4552256769393 1459.958066580783 0.5431288041364001 2.7931002069997155 1.608993670601411 2.534941087633612 -0.5730820140838353 2222546982.897993 3 0.5431288041364001 -2.3702792699268707 0.17314833720233302 0.1781742402071945 -0.7718360825222919 -1.2373397873632719 0.1294204801198225 0.2926594553657862 0.6035893630555669 0.13293602 69967.92363307862 True 0.3492781760946719 50.87840928472983 -4.707117727088066 0.0794162517764815 True 89.645
14 14 0.1765958840335497 881.8337493806018 1.2147152994835 1.171191262623357 0.0630023284705255 0.0095627345648941 0.1184278549297604 1.4292290216448669 1.378018819018698 13.844797345599893 13.857762740679965 2103.2280235282637 2595.141452891386 2.5796730436226607 3.2909859117785816 2.815555066513567 3.822366477830771 0.6773223808498997 2231971272.244746 4 0.5619196099671325 -inf 0.1389671579156984 0.1872961208404299 -0.7625055535626669 -1.0239612868992491 0.0765787140588629 0.3728709922787849 0.18419592887495928 0.010513915 70077.00105607345 False 0.082270101471831 51.73965695598458 -1.7544446831462146 0.1753039159153766 True 25.315
15 15 0.2816138859338926 1490.6861654739896 1.4819259079863691 1.3552697557724829 0.0599541721368309 0.0328545594164175 0.0895863675102804 1.8992568216005228 1.7369325381842493 13.71612226395141 13.787792080028854 616.9984894710464 1091.6017055906912 2.638175434215383 1.9283321235887845 0.5955701916028302 0.9755185023975504 -0.1473145752489195 2214396767.400787 3 0.5034172193744101 -2.3040256465987032 0.18226337053357755 0.2816794857945535 -0.819576461568145 -1.4904123764349477 0.0782382575979086 0.3097173793709306 0.6636654057092422 0.061145835 69873.5924351943 True 0.4050727638970603 50.55792975359534 -1.915378320310616 0.2814675880160656 True 27.02
16 16 0.3910901994303664 2182.43309513848 1.5676133118927154 1.2101924926053025 0.0280306877918205 -0.0356709795114525 0.1105461407173251 2.1806915146705346 1.6834869158874424 13.65476985931913 13.846204951559118 421.62665254206024 2151.3661557665787 0.2941924228302886 0.7899419453538102 2.641489588194404 0.7923021742698904 -0.1517411588990898 2213383526.670008 2 0.2941924228302886 -2.0061093370264773 0.17559432075475123 0.3332051343539419 -0.5983213597153887 -1.098305756628179 0.1282607855237422 0.3267984608039138 0.5981851596163845 0.05748688 69861.86511192139 True 0.3755202330169748 51.08355373681905 -0.4517694107284358 0.3936334829405262 True 15.602
17 17 0.0586713642798133 271.4247495484291 1.2687873283432436 1.134282339681424 -0.0367373630392756 -0.0499186982660542 -0.0219929642936526 1.343228811878081 1.200832232029032 13.825475786740517 13.867162257256936 1631.6368489381323 3122.70356634317 0.6871636519580892 1.2396048993560094 2.021445789283894 5.620552315946267 0.6957960606826535 2229483695.705621 4 0.6871636519580892 -inf 0.1399299420518647 0.3308948747040799 -0.7582533469440779 -0.9161923007645186 0.1309656938783092 0.2561248298439844 0.20631785483751547 0.46611106 70048.20966094469 False 0.3077389012259141 50.45871053250028 -0.9449710252390576 0.0593291084099435 True 105.778
18 18 0.3141893772894434 1690.7826437686256 1.7833873030835694 1.2509274452471326 -0.0200591046993127 -0.0364905562144512 0.0033664281840448 2.343708649305296 1.6439555603036036 13.443094881780722 13.83228419915306 163.13942616493784 1771.8486393580745 0.4602653278674269 0.4960330923781097 1.870350834321701 5.281018076166186 -0.3931193106646048 2216099649.3662586 1 0.4602653278674269 -2.9865639173975698 0.19753923823789754 0.2055829269374788 -1.0 -1.4985698203024258 0.0561669302616533 0.3782780251728314 0.7043963730705961 0.15981238 69893.30171720206 True 0.3062017175306223 51.03962120385887 -3.963992184627452 0.3122633826059891 True 22.02
19 19 0.2911393130955538 1548.6721822329514 1.4650893724059375 1.3160809274355865 0.0056584029337186 0.0655012239524326 -0.0609599024163522 1.8916344859117984 1.6992438246273425 13.727119337230118 13.805916600090008 663.1705057406459 1308.727651413769 0.1183117816331245 0.8177004509534331 0.7396193530854636 5.187800973886393 0.015438659520649 2216091285.610924 3 0.1183117816331245 -2.340085191448727 0.1766879279875354 0.2566785016446629 -0.7871149374523452 -0.961704624566851 0.0780790509101744 0.326553194379884 0.6285948283814157 0.25292924 69893.20491447828 True 0.0799024430019475 51.77622149571867 -1.5013294036742837 0.2979583756682609 True 33.935
20 20 0.826745867758332 5378.411271155639 1.5273575032494435 1.2531667322988302 -0.0193966329692463 0.013248762951896 -0.0591847865497673 2.7900940076506044 2.2892171498391 13.684970858576417 13.83150464992903 503.91286534733223 1751.607261880891 0.1247914775996453 4.978565104531104 0.7864330753419572 1.4028742385444828 -0.7962697068745148 2230040668.104596 3 0.1247914775996453 -2.1414327655999856 0.17624827728733866 0.3182322461911726 -0.6848965532532165 -0.9713291134312476 0.1363027203073956 0.3495945829334097 0.6142660547350992 0.045377932 70054.65610074764 True 0.1248267962471133 51.732608888813004 -1.7470276305746313 0.8166250734203607 True 20.022
21 21 0.4194916094550635 2370.47431707266 1.889649741884491 1.2025399684312397 -0.0025395098688644 -0.0005696552817453 -0.0056349040427108 2.6823419534139616 1.7069953952225017 13.298685412452436 13.848502026326905 101.0433790985048 2236.4920305062356 2.7974194682720097 1.429041568236071 1.996115219329972 3.022448225458603 -0.1472945703515887 2221369588.005485 1 0.3441731853177837 -3.0361213360826893 0.19033040841484594 0.1947934824830268 -1.0 -1.6361271970214453 0.0530870359757923 0.2416085317385457 0.6946600543927856 0.0286656 69954.2963773783 True 0.338282378495039 51.02985090978869 -4.069697635127664 0.4179263311129522 True 30.769
22 22 0.3373227866013741 1835.8994112252624 1.9613610996117925 1.369999769866722 0.0894964191769261 0.1156795745565038 0.0520112870213266 2.6229728912643777 1.8321319098814053 13.180246090305532 13.78053598679344 72.31482530185258 1020.2757820964998 0.7251462069939097 2.0524531644026327 1.4267042469994144 2.553457831856531 0.2597271368065469 2209282116.107161 1 0.7251462069939097 -3.2519712546584683 0.22473306975772933 0.3070043286020161 -1.0 -1.6075502767011591 0.0791538719408763 0.3922623618761078 0.796022365370967 0.03212126 69814.39508225881 True 0.0776063580057675 52.341198084683896 -0.964095685573194 0.337975818366634 True 15.215
23 23 0.7256731915159685 4584.607745783172 1.9648941076709967 1.32088236239586 -0.0252184257931594 -0.0211728465133305 -0.0312364748756177 3.3907650857755307 2.279411281932816 13.173938720964733 13.803788019125854 71.09469678631113 1279.9752777163544 3.0460374863685926 3.5493246670300445 2.8286994707835142 3.136357875816984 0.2592443540704215 2213064284.2674065 1 0.0955551672212008 -3.204593607808227 0.21654036420589207 0.1588689544062113 -1.0 -1.481404642057109 0.0722899212795564 0.3333503915270016 0.7746967091743215 0.038496412 69858.17017670609 True 0.0839875271925046 52.27472432988228 -3.759606908610617 0.7204283067448923 True 19.566
24 24 0.0862844385699089 406.8479729940888 1.4616294283786728 1.1574225219287098 0.0561339617897186 0.0415985209051631 0.0744897720049213 1.5877453030035835 1.2572900744214963 13.729194711804759 13.861312236361552 674.3253916830969 2787.112368391911 1.2485290433344238 2.1303074675461247 1.7573324263064136 5.172501200010454 0.1914470840718124 2238479133.456113 4 1.2485290433344238 -2.238396694698336 0.15935725356394392 0.2010206785493534 -0.6232275918430474 -0.819060172138435 0.1368173333186117 0.292859959072585 0.4737807015471251 0.4552367 70152.3235237976 False 0.1547793148063254 51.44410564605485 -2.0999119634048857 0.0862967051989341 False 22.405
25 25 0.1847560237848085 927.0525651193308 1.3432498220181928 1.1735635535245188 -0.0318613008006537 -0.0219569864426554 -0.0431976859999368 1.5914233180839257 1.390386489332479 13.793709045273017 13.857071746711627 1149.900442281701 2567.348843775672 0.7731379870706356 4.64454519243192 1.1533329729825592 3.889583653117232 -0.3569827819316952 2224337766.78516 4 0.7731379870706356 -4.250589659629582 0.15059885881734747 0.2412975523827744 -0.7426151846856285 -1.0352219696791556 0.1395834574607269 0.215136686407841 0.3794864061885369 0.12106208 69988.65029843936 False 0.0806106405511275 51.97175767877115 -3.626756671691613 0.1830350014524874 True 22.313
26 26 0.0217642627519493 98.03300238468958 1.803900547931808 1.2915115113309992 -0.0042453343268989 0.0140564838518717 -0.0298081415889176 1.8431611134353807 1.3196203072107744 13.41773070291048 13.81649360421572 148.87639057798702 1464.711345524869 0.7945643460641346 3.89712273799455 1.5017617524955271 3.3399297640014005 0.093463664319509 2210886188.715051 1 0.7945643460641346 -3.0469273013082057 0.20525626726769552 0.2562791511898551 -1.0 -1.737491392953761 0.1140257907752228 0.3014785750757151 0.7331589791658385 0.022722047 69832.96073744273 True 0.0997467789194035 52.17258547260618 -2.2099670064022883 0.0214490674340234 True 235.961
27 27 0.1668237743153204 828.1679704716375 1.3547063588523294 1.2749640657732837 0.0080402414709259 -0.0281562948070243 0.0465006806162656 1.58070358672504 1.4876583833419892 13.788069419327336 13.823044688802073 1094.3342771149587 1585.8914232267546 0.7385734486988668 1.1996012473122963 0.1779277941425543 5.226109411830617 -0.7546777260478343 2234280435.345738 3 0.7385734486988668 -2.9125283364127923 0.16209525160761495 0.335194474028157 -0.7754957078449806 -2.0373096845610386 0.1241896439208202 0.3592234745729279 0.514140782775255 0.072816305 70103.72748085344 False 0.0623927476654207 52.58099009581351 -0.2529891967816571 0.1661052822772147 False 26.259
