redshift luminosity_distance mass_1_source mass_2_source chi_eff chi_1 chi_2 mass_1 mass_2 radius_1 radius_2 lambda_1 lambda_2 theta_jn phase psi ra dec geocent_time prompt_collapse inclination_EM log10_mej_dyn v_ej_dyn Ye_dyn log10_mdisk log10_mej_wind v_ej_wind Ye_wind chi_BH Ebv trigger_time has_grb thetaCore log10_Ekin_iso log10_n0 redshift_measured afterglow_detected snr
0.0742175605830262 347.0804477685055 1.684414512454898 1.3110329066399653 -0.0039304431918903 0.0133130923161144 -0.026084930168235 1.809427648579948 1.4083345708148578 12.029203332185608 12.179863786493437 109.24313655546344 570.8542540006879 1.0555323994663928 1.0959109980162325 1.2213468577145858 5.536013192301214 -1.230760325694745 2230762428.530396 1 1.0555323994663928 -3.3627555746897766 0.2333581312227681 0.206555695627705 -1.4274561821970475 -1.9965441754968325 0.0641363649126992 0.3158315521349072 0.7537363075146862 0.036520954 70063.00980937958 True 0.0515883380940044 52.20857333788519 -1.4370814211678449 0.075096063521111 True 159.593
0.2972067358615938 1585.8351650486034 1.369255032279486 1.317887092684908 -0.0193624754010342 0.0123920334932995 -0.0523546955559103 1.7762068509853333 1.7095720137359152 12.168047280273212 12.178386723215905 439.5456057124239 553.2202496076262 3.10761571751802 3.871064635300496 2.918870850001345 5.266143366003309 -0.6968740655292615 2215584740.851566 4 0.0339769360717736 -2.283634238986133 0.2007148369487219 0.2767033481404821 -0.9044394522260016 -1.3545200102758823 0.0857856919268448 0.3909959345841217 0.6670896450747759 0.07986579 69887.34212791164 False 0.0583182912029337 52.41904389344597 -1.9436948427316716 0.2959307218713119 True 67.555
0.1775719105425461 887.2229808736623 1.940085542235036 1.1989975758473697 0.0202558079216578 0.0365829657197844 -0.0061629967765493 2.284590238585683 1.4119058661264683 11.725822404379736 12.193157355991184 32.71320985008873 960.6723673876186 0.6102537736631064 4.851415624715484 0.0086412554026075 5.710974331545021 0.6513181124338812 2232797617.7068186 1 0.6102537736631064 -3.458559545285236 0.2265485719765265 0.1764704192384191 -1.0 -1.568584567327853 0.1265595011084327 0.2900409429920294 0.7346661493039501 0.22290069 70086.56523966225 True 0.1182988465594936 51.92534636735613 -4.656584046194398 0.17788226290578177 True 78.057
0.1735421721709595 865.0064731932683 1.468855269408574 1.1926975000655486 0.0298080863783492 0.0328585906489559 0.0260512668394573 1.723763603466498 1.3996808149697972 12.141460141277715 12.193157355991184 281.90829362801446 989.426980336828 2.3116097781136618 0.7623425327479346 2.352803272149815 0.3209019816571925 -0.2249745988739651 2235735609.670788 3 0.8299828754761314 -2.0507902553516995 0.1979828468946753 0.1701378946046551 -0.6985794743422165 -0.982008550237586 0.065078450948972 0.288488014421035 0.637454663383441 0.020739019 70120.56977628227 False 0.0463660180937773 52.61066576519755 -3.701896296365351 0.17147336616550238 True 58.763
0.1690887872579637 840.5593828064289 1.2763903485710526 1.1822895469341956 0.0450375953567157 0.0465059306453616 0.0434523923108512 1.4922136446787015 1.3822014526130664 12.18429497632602 12.194634419268713 670.1809995695415 1039.3497141888265 0.7920544813124675 1.5872267528114845 0.1767885229376489 2.7013896567954845 0.203595304177405 2220286674.040738 4 0.7920544813124675 -2.451872863863019 0.1763416917265681 0.1508860239202308 -0.7783751476479586 -1.082813918358477 0.0789533683633587 0.3568639496922431 0.5338258588992025 0.03518126 69941.76265093447 False 0.0945911477570001 51.801294986122926 -2.5300906680703457 0.1681575593243327 False 73.945
0.1850821307957331 928.8672759593584 1.3456693876227055 1.2221694523115934 0.0383371921455332 0.0133339374712142 0.0658670198159334 1.5947287452305052 1.448371178738877 12.173955533383324 12.190203229436127 488.2064638195546 861.1911030347914 1.8141814414025752 4.562665493975759 3.1269986541419947 3.33896859485361 -0.343453249389915 2239806358.206879 3 1.327411212187218 -2.292228459656655 0.1879090807872185 0.3415262677841609 -0.7938600697296998 -1.090060041457435 0.0995285988854347 0.3493513560081326 0.6029330507288403 0.052085537 70167.68492137591 False 0.0898396819122635 51.954039973464674 -3.545109925755786 0.18068330685168518 False 32.103
0.3708723543353697 2050.646947146559 1.5396199789344631 1.1503363815695968 0.0182241669008155 0.0553286569519706 -0.0314367975841863 2.1106224653036603 1.5769643436799434 12.113395939004688 12.196111482546238 206.70749562619145 1213.223457554704 0.4340902689024051 0.6753174527024561 3.00794877267825 5.885421192108437 -0.14250527133725 2220819085.5707307 4 0.4340902689024051 -1.891116652611307 0.2013932309492552 0.2095503332737336 -0.5865639643462399 -0.8062657712160198 0.1443506910081672 0.2169010373485912 0.6332475391376862 0.050302655 69947.9248214205 False 0.194881226718676 51.37685804243766 -3.553724505107205 0.3679081580658182 False 33.439
0.2463332487397861 1279.7998546745257 1.919890945346464 1.2108298176760424 0.0343396170194505 0.1126118316637318 -0.089768753929155 2.392823919139758 1.509097460335185 11.761854878953097 12.191680292713654 36.28834085695529 908.3257752720078 0.6743279504660443 5.750175772640046 1.3298420642575637 4.955573961474855 -0.5110789095660859 2229347337.051407 1 0.6743279504660443 -3.446666375738946 0.2277005777211717 0.2357248043450723 -1.0 -1.614020989526716 0.1401284745104767 0.253079248352533 0.7390656054535498 0.1656059 70046.63143578017 True 0.1471051156734253 51.76503462521272 -4.470798276631454 0.24962374889461825 True 89.119
0.0859588838497393 405.22364255401607 1.9636193559305768 1.1447451131126205 -0.0404967103272114 -0.0825991194868782 0.0317229520327684 2.132409884072114 1.2431461253282248 11.679139335411543 12.196111482546238 28.805257554533227 1246.0899781437236 1.906035549584388 4.138243224849251 3.066922457680972 4.57995811841359 -0.2156075869535662 2226157034.4385705 1 1.2355571040054052 -3.4527580635161934 0.2158614379679837 0.2963351037601672 -1.0 -2.048059265514352 0.1134905849532532 0.2205763874570699 0.7050006966346691 0.7254539 70009.70663702048 True 0.1103990043138291 51.98129685991523 -3.942744508147111 0.085134654337601 True 102.035
0.2162539695132042 1104.9889464316304 1.4221857247583576 1.3365879695003489 0.0052917266016853 -0.0188991483024831 0.0310318333086046 1.7297390331223657 1.6256304235083927 12.155793685479845 12.175432596660851 347.3682090419029 508.7301147122028 0.4422849237734161 2.6168625681246045 1.0985969992798323 1.3745024160862338 -0.0008716149554981 2215025921.313286 2 0.4422849237734161 -2.250704301775525 0.2084075909944156 0.3431694519792234 -1.041855163033243 -1.546214183485095 0.1110369997910823 0.2724939036959355 0.6963571849426748 0.10222444 69880.87430918156 True 0.0938491884362706 51.94973703671317 -2.439122059388254 0.21526834795456326 True 43.628
0.0774818995207217 363.1594179961824 1.810264027559632 1.3438000587257446 -0.0460204328247253 -0.0812177494358694 0.0013946835194427 1.950526723048984 1.447920239851873 11.913992396538449 12.173955533383324 62.09458243959924 492.3655733845861 1.90023475304996 5.333160633664133 2.7938288081210105 1.055785820528896 0.3663998277824699 2237715775.055817 1 1.2413579005398332 -3.482185850762213 0.24474059754759 0.2962989456336068 -1.378447873933843 -2.3148145588763667 0.1204203624819708 0.2786780272544978 0.7858727370236025 0.275873 70143.48835712751 True 0.0810527299731391 52.033763512004505 -1.8774849581195792 0.07802788111167633 True 87.299
0.341508678236022 1862.4188333471373 1.3795720420475353 1.155045005006023 0.0597765639449786 0.1053881092165056 0.0052986757428162 1.8507078666585588 1.5495028979687493 12.166570216995686 12.196111482546238 420.0376137474198 1185.5606370323662 2.770446860696429 3.59595827856976 0.7419259642285123 2.749567598989583 -0.7287144604969026 2225655053.2798657 4 0.3711457928933641 -2.1707319505993823 0.1839848548433639 0.1935512876288573 -0.7077938910198318 -1.0392585489440958 0.0604715934647796 0.2855685121162745 0.5727578881476986 0.12701951 70003.89666990585 False 0.1436902300287139 51.590473745176645 -3.5047799739361074 0.3457572132421186 True 38.274
0.3686723827717858 2036.4131171365696 1.4878664212902226 1.1083097670912951 -0.0211895663430004 -0.0323753397811639 -0.0061730635664508 2.036401680073419 1.516912969774086 12.134074824890074 12.19851684067766 259.32660212459336 1489.735619744363 0.1301143103208459 2.180565192775109 2.9434769355864074 1.3896600515756534 -0.1587268832991507 2226655774.687512 4 0.1301143103208459 -1.909077588738712 0.1903293492860623 0.3206632624230001 -0.557577590949371 -0.8645379756411736 0.0682371815881691 0.2503079819539542 0.5841510871787513 0.1671626 70015.47909360546 False 0.1505272531942635 51.68003312949058 -3.3350271825383837 0.3702741558034358 False 20.158
0.2015416519188576 1021.213050995796 1.4357864938274925 1.2440575790348032 0.014084073666613 -0.0870739585608745 0.1308321557988546 1.72515727559627 1.4947869985956523 12.151799584220408 12.1887261661586 326.2886319457921 777.3890995922687 2.909035715292783 1.633021532146868 2.980252875321697 6.095641892961814 -0.7112333392616429 2228853120.290215 4 0.2325569382970101 -2.1603887031182865 0.1999715542822036 0.2876055461040226 -0.8108435969589796 -1.361027258695746 0.0743593868823339 0.2634868314129774 0.6557989608811822 0.015557873 70040.9113343775 False 0.0687258463853234 52.36910647445035 -0.4604380107476604 0.20045121411517977 False 128.796
0.3270572215326813 1771.1996057138203 1.5413275766378904 1.2201188573611188 0.0447418950984025 0.0361179162973285 0.0556362241764604 2.04542989132478 1.6191675407892765 12.113395939004688 12.191680292713654 206.20928270525968 869.0123958370666 0.6930155098355321 1.3308095431499083 2.88945870664886 1.7362297112606568 -0.3170648321987903 2214473079.362338 4 0.6930155098355321 -1.9873645113947207 0.2094123405786211 0.2736549330122016 -0.730439200250283 -1.0029303115204395 0.0556102555306613 0.2717484821924196 0.6771392666876517 0.28992075 69874.47567549003 True 0.0457533550127198 52.67278313060381 -2.864221077539601 0.3310571079094599 True 42.503
0.135612245490427 660.3792790578775 1.4280047385565322 1.2094416414345848 -0.0547399800585213 -0.063749313822446 -0.0441025331033615 1.6216596677231536 1.3734567382191567 12.153489188952443 12.191680292713654 337.6635603302862 914.1660301332864 1.210095347348531 5.579129544442316 2.4012348975548816 4.727051229768162 -0.525371235336775 2232734370.6089435 4 1.210095347348531 -2.1360006290671176 0.195332060167403 0.2722249036376281 -0.7516845594477715 -1.4076233823682966 0.1218668055171703 0.3189595500521488 0.6323195718304595 0.62595606 70085.83321306648 False 0.2908526123707899 51.18462441565258 -3.1657658077452107 0.13478873452140655 False 44.66
0.191001677395256 961.9093033472226 1.9770338244692016 1.406769359620361 -0.0270341458044721 -0.0196534402447526 -0.0374067804088761 2.3546506012099777 1.6754646670161002 11.651075133138516 12.159184900608045 26.764824607381343 372.0949184739199 2.271504039834185 5.4679863661433785 0.2445638354884236 5.365681924350484 -0.7180763082832325 2222009181.754043 1 0.8700886137556083 -3.67571676291581 0.2663196408989492 0.1782395096294033 -1.3266830986554192 -1.8940172972781764 0.0648103599257306 0.366183902973944 0.8250763414920712 0.04203987 69961.69908280142 True 0.0664176890236374 52.23413070811364 -3.714786468083541 0.18904890004876182 True 89.297
0.3602080406841472 1981.8458160843293 1.4763397493013546 1.1628177683834666 -0.0774225737573339 -0.0988392459291552 -0.050231482182451 2.0081291977813205 1.5816740784055876 12.138506014722658 12.196111482546238 272.9036539953008 1142.4287795603557 3.037508453565571 4.460521467612129 1.0827148612897182 0.0618247249427243 -1.1861721172073434 2225462679.0810947 4 0.1040842000242222 -2.000521410311145 0.1954378967603451 0.3272554431672828 -0.6424845768244355 -1.0641294357253832 0.0947578786792079 0.2358974474539947 0.6203554573223585 0.027435932 70001.67011667934 False 0.0806353878346952 52.31059976562759 -3.895845657175438 0.35875101447075414 False 57.116
0.2932291206569654 1561.4523635652904 1.7231061441500015 1.282322441423372 -0.0161435368443489 0.0246315739122831 -0.0709346265137783 2.228371043597721 1.6583367233206403 11.998185003357523 12.18429497632602 92.24476627681042 651.3200720742373 0.5404318754639055 1.7713438287084438 1.7435555243531589 6.038114940763849 -0.1209355004262546 2239057735.311836 1 0.5404318754639055 -3.347099843629936 0.230790796487895 0.2620757639750656 -1.0793250057081982 -1.6517094041248774 0.0679994089522092 0.3211190902150729 0.7480291828723672 0.04552671 70159.02030453514 True 0.1167686801947033 51.86665489108036 -3.115871889496063 0.29253364754240296 True 58.373
0.2131984472677329 1087.4953416446983 1.4855627314367752 1.262953743150137 -0.0393285295473097 -0.0510035099019953 -0.0255957101156835 1.802282399097908 1.5322135201607172 12.1355518881676 12.185772039603544 262.00433109490217 712.7081238492674 2.7808978495908807 0.0690236865394485 1.6632528202463126 5.611087466057263 -0.3548946999842908 2230163695.870378 2 0.3606948039989126 -2.115161327222512 0.2075831181505443 0.2063087073114319 -0.8573442270600902 -1.1950240996021233 0.067224111429453 0.3515551590691602 0.6832771955235205 0.056908112 70056.08003322197 True 0.1517077207948957 51.56081177426575 -4.2885609751040255 0.21354458062762277 True 47.98
0.3297280268448787 1787.9863355570512 1.527630043372163 1.2236341448981092 0.014380702036076 0.046466880556952 -0.0256768678591921 2.0313324833222226 1.627100617075383 12.119304192114798 12.190203229436127 217.9944174708777 855.5608039792278 2.780269951099358 0.2639903300249805 1.952930070752784 0.8778123200788389 0.8171041506005994 2225037999.965248 2 0.3613227024904351 -2.00951277426693 0.2081799320388569 0.2975644385204199 -0.7420205236551161 -1.0103089654262745 0.0789014166576459 0.3364624654587033 0.6751755099945412 0.48222303 69996.75484913481 True 0.3332027464886349 50.90791912336059 -0.2283933789759489 0.3322696202953705 True 74.876
0.0889417614560457 420.1309164592249 1.9766035933938635 1.4414810928366903 0.0201791643091083 -0.0186181891211763 0.0733792989383876 2.152406198690663 1.5696889603391713 11.652352605501854 12.15032252094288 27.00823624212652 319.3926683601008 0.9829418067195902 4.421298702975757 3.111870603594464 6.122259364172257 0.6414776404482306 2239960470.062873 1 0.9829418067195902 -3.714841700534341 0.2712176586636765 0.2851208171114641 -1.584067911610367 -2.277947635731088 0.0855105308387155 0.2852599326861116 0.8354915635752087 0.10003183 70169.46862341287 True 0.0648772041186722 52.05284976444241 -2.368050169240359 0.08931589605662872 False 119.823
0.1600315205889427 791.1817109086361 1.4305249269811502 1.2457729280812302 0.0972523642745914 0.0513611368894386 0.149949403377323 1.65945400628633 1.445135864070609 12.153276647497934 12.1887261661586 333.9543807859542 771.028984883091 1.9368122668184604 2.5961415157932404 0.7218372172414017 2.271160481208718 0.180281147387194 2213405873.6214657 4 1.204780386771333 -2.169721714849761 0.1995795819602307 0.2512170545939796 -0.8147966681518037 -1.0504991117539686 0.0675452674778669 0.3504309316375141 0.6547637396274818 0.05281959 69862.1237571929 False 0.0592626096705785 52.27596310071654 -0.5886652589560786 0.1558064664370174 False 42.881
0.2718212299878962 1431.533292538758 1.693144716245738 1.1908759868008187 0.0418520379371951 0.0446555879273233 0.0378660512306629 2.153377395563162 1.5145813622960669 12.0232950790755 12.193157355991184 105.03447929570254 997.8729424369296 0.6100467233734486 5.283275708162964 1.944287626575525 4.286635730008068 -0.0525976123224851 2218005799.689271 1 0.6100467233734486 -3.220696489132412 0.2138333562220776 0.2301844414236452 -1.0 -1.5976846528970878 0.0598346499083803 0.2600084778176492 0.6963297696531119 0.21592325 69915.36364223693 True 0.0861732326039459 52.11875346451192 -2.0623205498150283 0.27481372332378856 True 58.812
0.1765077595567397 881.3474205817964 1.3227919178852587 1.135971687294818 -0.0360185001228768 -0.0063950380156564 -0.0705137931776953 1.5562749556709483 1.3364795047391156 12.176909659938378 12.197588545823765 541.2011409821062 1300.4833473684257 2.439820893360452 2.9726566997949613 2.8435765851806662 5.569158316778087 0.4274488553682211 2230185621.3614955 4 0.7017717602293412 -2.296862393542652 0.1759066641180221 0.2106959008767415 -0.7307767427872651 -1.2516037333303405 0.1318276500678907 0.2023966851616376 0.5255521879183559 0.11009 70056.33380048028 False 0.4080426457468085 50.698419484425976 -0.1488946260694188 0.1769542257579301 True 95.391
0.1123669389093759 539.0885647284737 1.5597669170258697 1.1395544657988417 0.0766736228246894 0.079891559801131 0.0722690666691314 1.7350331509041812 1.2676027128411669 12.103804729580247 12.196111482546238 189.35386711662383 1278.5487276651795 0.6214253821039142 2.5486838306900723 2.8171834763664525 2.739488648624597 -1.220224768165551 2219272358.063769 4 0.6214253821039142 -1.8495260265696647 0.2026074447145368 0.3201246233513136 -0.5626127412597568 -0.8531745446284622 0.1291066088388873 0.2662323499454294 0.6318619780393507 0.20636146 69930.0228826825 False 0.1358644103668117 51.81628239525067 -4.725846360790547 0.11301110800633728 True 140.365
0.1095271303171346 524.490719836944 1.540237085949776 1.1014432701835757 -0.033872818499445 -0.0332944975934817 -0.0346815313320145 1.7089348339818808 1.2220811907739029 12.113395939004688 12.199065609101297 206.0708611920211 1541.5920725599092 1.1953929524153122 3.657633198150591 0.1418089265864509 0.914926198352696 -0.8422567282170678 2230919038.439405 4 1.1953929524153122 -1.8224916665605757 0.1956526299390373 0.2567440538102133 -0.5216279926177306 -0.9398661653932696 0.145165645461699 0.3243554576853462 0.5973994747040811 0.010329621 70064.82242406718 False 0.2718497737205757 51.32369788153109 -3.437874281234383 0.1107753182462844 False 104.837
0.1618658937482309 801.1449195396214 1.3677103686468874 1.144381779610381 -0.0157573120397122 -0.0300355859619058 0.0013073980401821 1.5890960298566383 1.3296181591562064 12.16952434355074 12.196111482546238 442.9405236920248 1248.9395459304185 0.4144657065480746 2.879198139753547 2.137554536960357 4.535313264353193 0.4824452272871576 2228906295.1871247 4 0.4144657065480746 -2.186502129565373 0.1815113310327692 0.1956527662136478 -0.7041346414783889 -1.14659298783898 0.1498692332769362 0.3974724744995936 0.5582348272560447 0.04432929 70041.5267845732 False 0.2520884567584073 51.12277550218489 -1.7389656782378458 0.16205348689018712 False 81.21
0.253842389049869 1324.1644582639783 1.864292877567952 1.2701990185513017 -0.059874255652797 -0.0581207157438551 -0.0624479562422527 2.337529435498455 1.5926293719891629 11.846047485772171 12.185772039603544 47.83085262312313 689.3125633443166 2.1384259923142857 6.0409891733162375 1.5793677562580848 2.2649293975804565 -1.2488551476171563 2238521174.381669 1 1.0031666612755077 -3.444130179900586 0.2357933003282222 0.275608201873172 -1.0 -1.969007877043162 0.1189833519228091 0.3015933189568734 0.7621596675587841 0.13907477 70152.81010858413 True 0.2846950003218996 51.29006236610738 -0.5552418614697112 0.25812013294972347 True 68.404
0.1904690119612918 958.9282155633518 1.235267673339259 1.2152632408218234 6.947744604374542e-05 -0.0087682958790983 0.0090527292437904 1.4705478865879111 1.4467332295740334 12.190203229436127 12.191680292713654 810.0890810885359 889.5604743585949 2.161741046698128 1.3749271552017994 0.2047838986627074 0.7963859222660191 -0.3568833207770687 2211362864.105476 4 0.9798516068916652 -2.5332012801829853 0.175618930156543 0.2646587019686431 -0.7629789480612705 -1.0734178613287102 0.0903542039875539 0.3581263647338669 0.5305716926429952 0.016255336 69838.47781372079 False 0.1605936132916852 51.34601306526883 -4.285301858740925 0.19299126943151226 False 66.014
0.170532335912426 848.4717039704404 1.4334580703014863 1.3477530981676056 0.0505402402522458 0.0596331929526736 0.0408690575637998 1.6779090234625174 1.5775885822313365 12.151799584220408 12.172478470105794 329.769343993551 483.4356773599305 1.036631142802737 3.1980644679871064 0.2386211937385289 4.895043053608847 0.3706733675171177 2220746511.9477053 3 1.036631142802737 -2.2499777910488934 0.2108464461399807 0.343300294729679 -1.1117210396193151 -1.9041341984975808 0.0575308715669089 0.3924761073746994 0.7051558728036408 0.20831217 69947.08484893177 True 0.0852816326881573 52.064202561879135 -0.7387860711479002 0.17215534691121265 True 62.566
0.4265804503806684 2417.9265912309884 1.5571481128544695 1.2525009240387666 -0.0223594222092598 -0.0642127189650399 0.029673898333012 2.221397056145337 1.7867933323174268 12.106010622617047 12.187249102881072 191.78161446798484 748.0228684214591 0.0366129474449994 4.183581735150454 3.098371320061689 1.2158067889471988 -0.9579378853508804 2220376995.8054347 3 0.0366129474449994 -2.015598090497518 0.2148266053864925 0.2759000979468021 -0.8348119242300519 -1.2163040236227791 0.1472825176713443 0.3817633778684324 0.6988471973198034 0.01151906 69942.80804172957 True 0.2961877580975362 51.07532667197766 -2.122436662119273 0.4331527247172012 True 39.616
0.1899998675856759 956.303906161412 1.405386427827105 1.205615341538978 -0.0323211981355708 -0.002734944871349 -0.0668099088836569 1.6724096630209615 1.4346820967906433 12.159184900608045 12.191680292713654 373.4554834695367 930.6327917571352 0.4477338197472916 2.2921178873813965 0.2002972793290394 1.892538958697028 -1.0235329735162244 2231752663.966135 4 0.4477338197472916 -2.1706139883699693 0.1924615407477836 0.1987200440102075 -0.7575955034844377 -0.9557484895651404 0.1190227430658654 0.3696065816577554 0.6204386927674886 0.14147873 70074.4708676636 False 0.1765511212996031 51.26500891933505 -2.1315878554414325 0.19190950225068082 False 82.969
0.2218725920019603 1137.285336012299 1.8865246469049937 1.3456509094108695 0.0265661088953692 0.0576899234945587 -0.017067676759172 2.305092760189388 1.6442139646116545 11.81502915694409 12.173955533383324 42.84955684009322 488.2826973557079 2.0311314911239964 1.5927157567555357 0.4335963821891333 1.0646769501237905 -0.4549378169227558 2238164841.986964 1 1.110461162465797 -3.539874852117902 0.2498035797106657 0.3160164552960511 -1.1601561448590545 -1.7657827553750738 0.1270986562147995 0.308060745580038 0.7955535484153394 0.038588785 70148.68589105282 True 0.0719063972756995 52.293706188108274 -1.5029533833893884 0.22012364881659957 True 68.267
0.1020575417342105 486.3254207684174 1.2327637723352705 1.167219251224726 0.0344376091244811 0.0071459318948074 0.0632618346842526 1.3585766124788 1.2863427786695676 12.190203229436127 12.194634419268713 819.3183278472128 1117.808394792079 2.8117724696977464 5.779112638827914 0.5117200940256895 5.594861605872983 0.1440182679594745 2229491323.6982217 4 0.3298201838920467 -2.6195838498581128 0.1702179210545968 0.1948089277563868 -0.7727788868292366 -1.1624671938718718 0.114596545734235 0.292329895705608 0.4894918469338003 0.053718645 70048.29794789609 False 0.3769346834744053 50.59785002496298 -0.4980585557650272 0.10113565423815986 False 182.515
0.1109059116109614 531.572214420892 1.3831585481654265 1.181055657038058 -0.0120076486054323 0.0069169913121619 -0.0341706832744495 1.536559007852207 1.3120417113451468 12.165093153718155 12.194634419268713 413.0627556180701 1045.3653568559132 2.721776552025125 3.9970772876213534 0.7092238004614005 2.2874614625324474 0.3167611082040418 2216969683.6228366 4 0.4198161015646682 -2.189122880870431 0.187325032981048 0.2921194348851353 -0.7381158041824047 -1.094151865037944 0.0934951523966411 0.3957782910482702 0.5937303822676825 0.02479134 69903.37155813468 False 0.2893021095283979 50.99772165657545 -1.665086822852937 0.11153951981555466 False 94.881
0.3534486715080454 1938.496303236394 1.871569467620135 1.244647330518268 0.0301549570829831 0.0107618929398088 0.0593162028784894 2.5330732095854915 1.6845662759859852 11.836702482821822 12.1887261661586 46.25672002119094 774.8501372508479 0.4384622775598923 5.936688416392938 1.160245029339328 5.599538312142162 0.6804392384673428 2230905642.325987 1 0.4384622775598923 -3.4277722408522218 0.2314983894705352 0.2930973384221133 -1.0 -1.7268527747185742 0.1255226497018002 0.3860919861357386 0.7510426966639205 0.23948961 70064.66737645818 True 0.1728102354402343 51.63197274188077 -3.041193951201161 0.3490585430667135 True 43.007
0.1970331211384813 995.7720591879448 1.528448704924418 1.1413187539236958 0.0686312587465987 0.0863742903275159 0.0448698743410122 1.8296037237557456 1.3661963502231638 12.118359444811674 12.196111482546238 216.99997181342528 1267.1943231135558 2.430015062406568 3.4305714764735384 1.1164671789273009 4.826203773164124 0.521924841909209 2219338357.035548 4 0.7115775911832253 -1.89383052118866 0.1990071939108193 0.1962668128173667 -0.5780523251983811 -0.7945307395944055 0.129825173699217 0.2078789354103396 0.6234227223928335 0.120009094 69930.7867596707 False 0.3643069527302318 50.84966443946795 -0.7529366463252867 0.19781455521465954 False 47.577
0.1442509787299475 706.2613141480261 1.4709662573793647 1.118199778091061 -0.0371753940212458 -0.0700668759580054 0.0060925989010673 1.683154579685066 1.2795011904963067 12.139983078000183 12.197588545823765 279.40502558230696 1419.213548168976 1.8127294951585595 4.858952379672648 1.5745636932274056 0.3359458692892102 -1.0761484454609611 2215111134.222904 4 1.3288631584312338 -1.949930296094832 0.1896081211496653 0.3000427817212344 -0.5816540883176562 -0.7077093116800866 0.1443679817134864 0.3623571904996635 0.5853568850285747 0.019697849 69881.86056970953 False 0.0980633331828033 51.72533954909065 -3.7561377859507306 0.14450992642054908 True 49.868
0.2627074169185827 1376.9049136439078 1.2870238455724068 1.2827862937924113 -0.1032530775041959 -0.0594319650416599 -0.1472189484771835 1.625134555555355 1.619783767493178 12.182817913048488 12.18429497632602 637.3959054075788 650.4880997488713 0.5312263836652079 5.636683098560664 3.134021023585792 1.968110719203665 -0.651489723479802 2239043531.1887307 3 0.5312263836652079 -2.367363545978657 0.1882318881677567 0.3365852660916833 -0.7881021889623987 -1.129583352228331 0.0939025367564423 0.2718603940873382 0.6081987554113936 0.50490826 70158.85590496215 False 0.2347867751488856 51.1413877289972 -4.275930354709875 0.259787494617616 False 84.737
0.0799356507458458 375.28947061571085 1.45352466034009 1.2921615605931214 0.0589744564170564 0.0263233360728382 0.0957029972244991 1.5697130999395097 1.3954513358079002 12.145891331110295 12.182817913048488 302.12622982133394 623.2265512973282 0.5431288041364001 2.7931002069997155 1.608993670601411 2.534941087633612 -0.5730820140838353 2222546982.897993 3 0.5431288041364001 -2.186158870586349 0.2071204426990828 0.1781742402071945 -0.9343768370623452 -1.3998805419033251 0.1294204801198225 0.2926594553657862 0.6871048491435774 0.13293602 69967.92363307862 True 0.3492781760946719 50.87840928472983 -4.707117727088066 0.07983809191994544 True 164.64
0.1743401243752143 869.3985397803783 1.3174945961791218 1.2454158178083152 0.0249090861772393 -0.0154892788633096 0.0676455175556841 1.5471867679406626 1.4625417663838762 12.178386723215905 12.1887261661586 554.4427059662536 772.2300279417633 0.1902827458560584 2.942437034466747 0.7888365608316621 0.6622564074117602 0.2518597663961418 2213453059.3698864 3 0.1902827458560584 -2.345866830436281 0.1874597604925458 0.2219579323650394 -0.8009553406959313 -0.9980640545531284 0.1192826053257104 0.2937585695444518 0.6028890680576049 0.16433834 69862.66988854035 False 0.1241690893547177 51.469108658321474 -4.266919141276089 0.17133326713405667 False 101.687
0.0715420106828353 333.9513567331861 1.5948781985020526 1.167312998902284 0.0119213320554576 0.0447835485528163 -0.0329777076154602 1.7089789916171074 1.2508249179399638 12.08680880000919 12.194634419268713 162.31004053579397 1117.3870996584476 1.4381679373255354 5.233723691306453 0.0979877158205379 1.9611388114025023 0.7378843870106422 2217716192.144453 2 1.4381679373255354 -1.8462096556723329 0.2101808112117184 0.3011971858007805 -0.6021936791827979 -0.7834581312701259 0.0801300088987224 0.2827628965776169 0.6601595475904792 0.06319133 69912.0117030608 False 0.148817204957127 51.60971013375752 -4.180542921257634 0.07141736063347537 True 128.215
0.23378340094489 1206.295301566838 1.2727838304369308 1.263377350088091 0.0583600501311609 0.04146025835252 0.0753856693668591 1.5703395629841408 1.5587340036684278 12.185772039603544 12.185772039603544 679.9905510263372 710.2862809716768 2.527622979810664 3.517241064592869 1.4969499714189722 5.129916074261453 -0.2151097491172972 2227478961.09512 3 0.6139696737791289 -2.40171451180142 0.1846704355243772 0.2532422741554862 -0.7764436956237895 -1.1145885289595867 0.0758028456487941 0.3876306336209829 0.588440576897036 0.30483416 70025.00671406389 False 0.1294636075993814 51.65897090161753 -4.097241505749181 0.23510809103721939 False 34.234
0.2689347758577599 1414.1873709601762 1.8176203283694483 1.2453544331775637 -0.0408192904615397 -0.0853375116365048 0.0241559660877148 2.3064416439739936 1.5802735485276391 11.90513001687328 12.1887261661586 59.84346448262311 772.7002148031602 2.952046292920168 0.5659957105737478 1.1671086450632502 2.284215646582404 -1.4870592794646724 2218100086.8196 1 0.1895463606696255 -3.3804665815059924 0.2288183070436682 0.242159175960308 -1.0 -1.957899414590151 0.0953333957222692 0.2702681463869453 0.7448001925377257 0.26704606 69916.45492846759 True 0.0583334246274896 52.59264599381604 -3.3776612080707418 0.26909468633819594 True 95.656
0.3457420520750617 1889.3193937244484 1.2079265612933106 1.1896854831595085 -0.0141977752133431 0.0186033003135821 -0.0475017794470812 1.6255575693508326 1.601009783430988 12.191680292713654 12.193157355991184 920.8652704241888 1003.859921418136 0.1283685036889119 3.1064390463702125 1.7311767408711132 1.519450898766057 -0.9548540341571424 2218702698.3721704 4 0.1283685036889119 -2.6723784413391667 0.1700681839902806 0.208771208774209 -0.7574655274672211 -0.8903119185105042 0.0744603404842313 0.3167330699114425 0.4888838640331329 0.11428217 69923.42959921494 False 0.3241433086286273 50.35511668544842 -1.0394116332558507 0.34279836707244726 False 72.797
0.0667102790057472 310.35568670934714 1.2780579747549523 1.1198148574665894 0.0185584561918495 -0.0414630908182695 0.0870617594851805 1.3633175788363756 1.1945180190429665 12.18429497632602 12.197588545823765 664.8925673409121 1408.089015550551 1.171828990726674 5.3458187935179975 1.405072210170586 6.074561599553051 -0.0156053684212722 2219271324.097936 4 1.171828990726674 -2.441862960231743 0.1695160930492059 0.3101778142420689 -0.7470640485960949 -0.9797505928707666 0.1343105987057136 0.266864704016835 0.4803172284492891 0.036736578 69930.01091548537 False 0.2132890131759751 50.90112031158455 -1.2627074214691971 0.0661186272737752 False 80.201
0.2425698698146318 1257.673128387938 1.4101932561334825 1.2710645395026274 0.0305929638447021 0.0835216816263464 -0.028129247775389 1.752263650687253 1.579386499375775 12.159184900608045 12.185772039603544 365.4220004131675 685.3491689018234 1.0337666014194908 5.803864969659756 1.7554343001205504 4.739875680687232 -0.7593049235039465 2234847776.946445 3 1.0337666014194908 -2.219755549356018 0.2000932374203905 0.3328414039652324 -0.859630255641504 -1.092351517106287 0.1361183163317797 0.3878971452365716 0.6605885085985567 0.11075179 70110.29393456533 False 0.0828368599085477 51.974457949190416 -4.159208201044428 0.2445382893917475 False 54.516
0.0846317556400461 398.6088099307681 1.4630399261087232 1.2893718594559478 -0.0207826217366173 -0.0390549768792945 -4.912664618250806e-05 1.586859563626788 1.3984936635945755 12.142937204555242 12.182817913048488 289.26743706735954 630.4656235828285 2.418839992722205 3.7287978334601215 2.671702930546797 4.213099496843661 1.2977811828269792 2213508480.08525 2 0.722752660867588 -2.1726005973187146 0.2078831156670382 0.1661534527533305 -0.9321307608490288 -1.3093070673399465 0.0618854356637775 0.3236991452305477 0.6890640683341813 0.034120116 69863.3113320052 True 0.1092374899715666 51.854627064929055 -2.4102723882895645 0.08358349308157739 True 215.032
0.1470781309599889 721.3704719584906 1.1808143459702165 1.1186629276754927 0.0069552966735528 -0.0053000512928707 0.0198915354060549 1.3544863129862574 1.2831937802522333 12.194634419268713 12.197588545823765 1047.7188608163765 1415.28471569076 2.6589847049820445 5.00702923328932 0.8763878701281876 0.78612235414384 -0.4039901905370029 2233698352.176339 4 0.4826079486077487 -3.25359328525082 0.159632329923084 0.2166107969081646 -0.7690798464339923 -1.0826147512556366 0.1219431837671242 0.3442688639316694 0.3943196748951548 0.022056885 70096.99040713355 False 0.0350711498062949 52.36687908722983 -1.8085287922547095 0.1485535843615295 False 118.154
0.2242048051328118 1150.739761184443 1.5305190353186968 1.280351500718378 0.065667608422971 0.0002869098432799 0.1438230240744591 1.8736687573843844 1.567412459438445 12.117663469507583 12.18429497632602 215.2161496404531 656.7760254036274 0.9475408050714024 1.8371799507970208 2.7405776370738577 0.8757191129809987 -1.0891049441046063 2230046080.755587 3 0.9475408050714024 -2.085912419041116 0.2146292905412346 0.2585340341806136 -0.937344912981244 -1.4582331536299744 0.1468919167382413 0.2121453727345645 0.7053951333605679 0.023364326 70054.71874717115 True 0.2841121925132462 51.144790773953744 -3.636901296486996 0.22376813006624446 True 63.281
0.3034898148546363 1624.5039816388014 1.4385136170801758 1.3326451188536912 -0.0175779827227197 -0.0332127165128688 -0.000701188489684 1.875087848393712 1.7370893392415327 12.15032252094288 12.175432596660851 322.728166686753 518.4846215503486 0.8964450901365438 0.9721926500901782 1.954346654498404 1.8576517729158288 -1.2523649461163542 2232647545.3529124 3 0.8964450901365438 -2.2359573359796387 0.2097908494914598 0.1714626297936596 -1.0585763428104338 -1.2022410724903332 0.0970077424638134 0.2421622431981911 0.7004254975565514 0.14703304 70084.82829112167 True 0.1199825024877421 51.32420250670904 -2.529865625963545 0.2977932110545302 True 53.316
0.1765958840335497 881.8337493806018 1.2147152994835 1.171191262623357 0.0630023284705255 0.0095627345648941 0.1184278549297604 1.4292290216448669 1.378018819018698 12.191680292713654 12.194634419268713 891.8104242749553 1097.0600711050563 2.5796730436226607 3.2909859117785816 2.815555066513567 3.822366477830771 0.6773223808498997 2231971272.244746 4 0.5619196099671325 -2.6932374489665256 0.1687912480506472 0.1872961208404299 -0.766743812642115 -1.0281995459786972 0.0765787140588629 0.3728709922787849 0.4783277717730822 0.010513915 70077.00105607345 False 0.082270101471831 51.73965695598458 -1.7544446831462146 0.1779145361002607 False 109.414
0.1840569895058291 923.1645647129536 1.6356331410877054 1.1398310238078304 -0.0128317145245253 0.0013615644715885 -0.033198766325935 1.9366828529722715 1.3496248905952466 12.063175787568746 12.196111482546238 135.63909301914836 1277.4985789049306 2.2021371559285665 5.748414077838398 0.4802913457678889 0.6010525979509935 -0.7686823641323427 2210782340.538292 2 0.9394554976612268 -1.7612362381745754 0.2124129179027446 0.2422532229957829 -0.5550359675572378 -0.7954439927830758 0.1318744321437472 0.2273327030253331 0.6521683720452914 0.016214158 69831.75879095246 False 0.392740049530003 50.92567354447496 -3.5313206710137384 0.18409068500658168 False 66.944
0.1682483202853579 835.9580130075892 1.337205215422706 1.32356109402598 -0.0022895922479929 -0.0023543306411074 -0.0022241864897687 1.5621877467943963 1.546248024890902 12.175432596660851 12.176909659938378 506.7660510839024 539.8606196923979 2.6473025033330218 4.952238259808232 0.0420607948508687 0.5720071923772537 -1.285979648249995 2219351402.883613 3 0.4942901502567713 -2.304872043826124 0.1978936009995964 0.254513017561885 -0.8664496051192078 -1.3683913549660414 0.1357535561348845 0.3502410760853942 0.6554812833054169 0.05282966 69930.93775328256 False 0.0925202456751499 52.04839108525884 -2.522768929408714 0.17172032668593748 False 110.077
0.1749453648910274 872.7322467723039 1.3439626391569983 1.2049835356186072 -0.0136915859357326 -0.0082696695501667 -0.0197388495202038 1.579082673464228 1.415789819945085 12.173955533383324 12.191680292713654 491.771358888968 934.4109023519565 2.305022351825922 1.974948554619544 2.45862002518622 5.672591831891635 -0.1552350451092959 2218764687.9624267 3 0.8365703017638714 -2.287817509330753 0.185852698574358 0.3091094790959484 -0.7811293955008115 -1.1647557784512157 0.1413806342945837 0.2118244698756367 0.5906251148013831 0.035472333 69924.14707132438 False 0.2481754909387769 51.12286685355339 -0.2889433017284881 0.17517696247924253 False 85.471
0.3910901994303664 2182.43309513848 1.5676133118927154 1.2101924926053025 0.0280306877918205 -0.0356709795114525 0.1105461407173251 2.1806915146705346 1.6834869158874424 12.10010236950694 12.191680292713654 183.4856002235097 911.7200856127752 0.2941924228302886 0.7899419453538102 2.641489588194404 0.7923021742698904 -0.1517411588990898 2213383526.670008 2 0.2941924228302886 -1.9410198639447171 0.2115371698937291 0.3332051343539419 -0.7015102692213462 -1.2014946661341366 0.1282607855237422 0.3267984608039138 0.6787757516753568 0.05748688 69861.86511192139 True 0.3755202330169748 51.08355373681905 -0.4517694107284358 0.3888078311101827 True 30.433
0.3755049804748516 2080.688717924186 1.239065097171154 1.1775691164355055 0.0043698349754351 0.0013715931187236 0.0075246534788061 1.704340212291478 1.6197521845104084 12.1887261661586 12.194634419268713 795.822604780539 1064.561981332098 2.727555028269196 2.967662241496829 2.7321635224397505 0.2758721062256019 -1.1371671979475455 2228917666.88619 4 0.4140376253205972 -2.5798490544397183 0.1719898737029886 0.2790346728338045 -0.7731171440622747 -1.2618622458565651 0.0739256598068706 0.2847430186119671 0.5032212345894073 0.021348968 70041.65840146053 False 0.0613352872089675 52.245190403846905 -1.9095107856623492 0.37162576815439974 True 51.256
0.239388233851667 1239.023143396539 1.259286549192238 1.2365032267799974 -0.0533357232237687 -0.042015724202288 -0.0648643000975566 1.5607449321165283 1.5325075503907484 12.187249102881072 12.1887261661586 723.932906993802 805.762278538925 2.505976064773549 1.0391907539659044 1.7946615100780154 4.711561705517143 0.0675996433262106 2220946592.310571 4 0.635616588816244 -2.452023261058793 0.180402760069631 0.2282478546567391 -0.7712185821493807 -0.976482962224295 0.0756733264244026 0.270691406402324 0.5624017035986127 0.21824726 69949.40059387236 False 0.0975785568708811 51.67634837332101 -3.5617165144530483 0.23957759096449466 True 66.057
0.1111124772984113 532.6341288875357 1.2430273836612349 1.2141486187138786 0.0489771907232168 0.1332268454355354 -0.0372763586835669 1.3811432356095972 1.3490556795476218 12.1887261661586 12.191680292713654 780.6049346338904 894.6380336070503 0.7598464900976832 5.811734845670591 0.3272527659550361 2.1971329602149043 -0.6096942499806324 2214738761.821967 4 0.7598464900976832 -2.5159748290432717 0.1763197781256716 0.1634779302590678 -0.7673815929102971 -1.10761959225465 0.0854682585583737 0.2017975372502514 0.5353483647176565 0.71205634 69877.55070395795 False 0.1244815708649049 51.56987176032346 -3.814115273614648 0.11064846761811456 False 136.796
0.0586713642798133 271.4247495484291 1.2687873283432436 1.134282339681424 -0.0367373630392756 -0.0499186982660542 -0.0219929642936526 1.343228811878081 1.200832232029032 12.185772039603544 12.197588545823765 693.868759447992 1310.7074399607332 0.6871636519580892 1.2396048993560094 2.021445789283894 5.620552315946267 0.6957960606826535 2229483695.705621 4 0.6871636519580892 -2.4847444590870227 0.1702245382571472 0.3308948747040799 -0.7618550388570904 -0.9197939926775311 0.1309656938783092 0.2561248298439844 0.4872164325425373 0.46611106 70048.20966094469 False 0.3077389012259141 50.45871053250028 -0.9449710252390576 0.05907023322235177 False 309.095
0.1665470023113501 826.6557788323016 1.6430846112301718 1.2464175329895384 -0.0122439145082122 -0.0210911307512846 -0.00058110932739 1.916735427774468 1.4540046367372546 12.057267534458637 12.1887261661586 131.90076432834377 769.505591962541 1.0140026228551349 5.316661060245695 1.2911568751368834 0.9850646557637484 -0.1043861036607909 2239315952.535534 1 1.0140026228551349 -3.2477742240464424 0.2218044558303807 0.3448111180228036 -1.0 -2.374849664183082 0.0501663619045286 0.3683679198614923 0.7160724389196441 0.07444054 70162.00892980942 True 0.0805327057731667 52.33923436518472 -1.4392952874906308 0.1658339962264888 True 28.534
0.2536687934158363 1323.135625820924 1.3763460067421438 1.2295073973726982 0.0248465411108531 0.0400228804945294 0.0078577095248689 1.725482037595128 1.541395055360076 12.166570216995686 12.190203229436127 424.8531973721311 832.6201147746938 2.3556539275586577 3.2717890025688283 1.522441112231823 5.409978386380596 -1.1043771915405791 2228500357.0852423 4 0.7859387260311355 -2.2412002525757666 0.1919649567334221 0.1982384893782374 -0.7977826311589363 -1.13382927278109 0.1142888311980946 0.2169306242884779 0.6224248549578473 0.054841213 70036.82842691253 False 0.0805495586992743 52.08768424834452 -2.7763086054375563 0.2504430956674723 True 72.901
0.4622307637131151 2659.612986351213 1.7636382376037705 1.2006942225107702 -0.0473198662633397 -0.0193781024393651 -0.0883620918209906 2.578846087085014 1.7556920299678485 11.962735484696864 12.193157355991184 77.0377739522417 953.4438432458442 0.3989761878989969 5.222157271817809 3.105104641579413 1.3123496470218066 -1.3350899996437675 2224169635.503828 1 0.3989761878989969 -3.2906027964698024 0.2180746349118214 0.263636321456267 -1.0 -1.5056520741435129 0.0884374976829597 0.2072364211577779 0.7139282519773591 0.117987745 69986.70433453505 True 0.1033207178561294 51.93157229760257 -1.9085078386352268 0.45592133195972556 True 44.164
0.3005781437006528 1606.5609814178692 1.279272244511479 1.2775360875728632 0.0380531491932543 0.0617562523941556 0.0143178337460696 1.663793521054507 1.661535513286109 12.18429497632602 12.18429497632602 660.7013014568316 665.7204244440343 0.4574517335374651 0.8477702228247989 2.916591460360531 2.0514665696636936 -0.7839805441833927 2214986058.3468533 3 0.4574517335374651 -2.379949804567979 0.1868586930297688 0.2284580330389024 -0.781145032375265 -1.6619219406019066 0.1310532918424838 0.331013695704922 0.6007305119925409 0.20052136 69880.41293225525 False 0.0830907151811722 52.23053470434848 -1.472873443972504 0.29957523530229185 False 64.247
0.1960999090719733 990.519773997005 1.3014593448043263 1.2551663729482865 -0.0474730603527191 -0.022534479405158 -0.073331424566321 1.5566754039813246 1.501304384553644 12.181340849770962 12.187249102881072 596.5882231964558 738.8814353345055 0.8486154604865116 3.09221189957775 0.8784774580007831 2.270788190892419 0.7371420473237152 2237857713.3926463 3 0.8486154604865116 -2.36814694363567 0.1868167538237571 0.1991953597691328 -0.7953484865722382 -0.9787535244005106 0.0620744105649192 0.2951775651921576 0.5999970542524299 0.02267437 70145.13116195193 False 0.4415327514709262 50.42178396757706 -0.7346053061182776 0.19832230984528038 True 66.244
0.173263205472407 863.4718273379858 1.3821519818745065 1.134125982047594 -0.0543166509995679 -0.0602437005156513 -0.047093394178899 1.6216280647041237 1.3306282851067015 12.165163317875594 12.197588545823765 414.3043616833922 1313.0244136481097 2.110583491967039 5.916252430489363 0.8905057292324273 2.700567116331852 -0.4233728034117148 2209473824.4005523 4 1.031009161622754 -2.1422100402365305 0.1818426843699401 0.2833780634436904 -0.6782056210845825 -1.0969606371892353 0.1091982311301901 0.3905668053876641 0.5576183073261499 0.07039618 69816.61392824713 False 0.0413063964811704 52.7372747761571 -0.7584737219541751 0.174391660801413 False 62.171
0.2982725631174957 1592.3815194271183 1.448559300656944 1.3598006587257352 -0.0019939680512375 0.0028474265713784 -0.0071513763549758 1.8806247960915776 1.7653918865327192 12.147368394387824 12.171001406828267 309.1012706074629 458.7620676327468 0.3249819398743439 4.647407889362799 0.1385013769089148 5.3910983518004185 -0.997136974835607 2237921714.8081675 3 0.3249819398743439 -2.2494914245379847 0.2137731943878112 0.2403094996880321 -1.212073481745869 -1.4521693211876083 0.1187091818192776 0.33687676107693 0.7150852166955246 0.07254452 70145.87191907602 True 0.1022839568718216 51.52532589556516 -3.3882587502758152 0.2974534330155045 True 56.981
0.0651315811974847 302.6780461078236 1.4229997789904472 1.1481746391073409 -0.0518113685737652 -0.0761773014203963 -0.0216132472473713 1.515682004639766 1.2229570688432532 12.15475371077546 12.196111482546238 345.67904673391934 1226.0371217546865 1.585780438157474 0.5597621610220208 1.5109154237703757 3.278376491426222 -0.3706648978472858 2238037868.912948 4 1.5558122154323193 -2.0742402518363865 0.1878500666492359 0.1870957605038218 -0.6617536885213635 -0.9787813355835154 0.0597287728408246 0.356965000771394 0.588156568447717 0.050828945 70147.21629528874 False 0.099615518219022 51.96057298939992 -2.1952781426308805 0.0648730823267273 False 65.347
0.2341561168467404 1208.4666505886064 1.355693902225508 1.1468048123013144 0.03436308745105 0.1214745447302767 -0.0686156149232791 1.6731379220034377 1.4153361739309451 12.171001406828267 12.196111482546238 466.5247816309836 1233.9467541591323 0.4178816552782495 5.266607613375212 1.9032379128763413 5.734399562452152 -0.9291156351342864 2234746454.0827923 4 0.4178816552782495 -2.2177974343546656 0.180550560521603 0.2139001470034847 -0.7170233014282695 -1.0704638334818537 0.1436354406600128 0.2523963737182604 0.5538073035796232 0.01646227 70109.12121623602 False 0.3292111162865468 50.85115854993078 -4.646597401210083 0.2350421485684999 True 54.884
0.2381908486800037 1232.0177865168876 1.5845093053679131 1.1808116260024146 -0.0293549435221555 -0.0669659162022823 0.0211145258523586 1.96192492155486 1.462070149331145 12.091948823436686 12.194634419268713 169.77174898998626 1047.7453886298365 2.281254516576447 6.219522582614082 2.9981479626788743 5.699638667063118 -1.441686439785604 2220574963.348297 2 0.8603381370133462 -1.878022737245235 0.2103797277502802 0.2616846943945021 -0.6302754492777444 -0.8642435960565411 0.1023916207215409 0.3383940631843121 0.665905481651245 0.29260692 69945.09933273491 False 0.1365652048515047 51.73268592138108 -2.802291485083231 0.2365374260965481 True 69.041
0.1488284062589306 730.7474817935298 1.817088411366976 1.1735768559223931 0.0399758752130615 0.0173308810318376 0.0750378792859295 2.087522783662295 1.3482384290116896 11.906260855272931 12.194634419268713 60.1978889759926 1084.2327733912473 0.709096452352615 1.6189772987505897 2.8282875373017498 2.713569766576572 -0.861275124518597 2227633211.474788 1 0.709096452352615 -3.31828010081804 0.2145946331004388 0.2903486937672019 -1.0 -1.6911202388132731 0.1020327844736519 0.3793901855746592 0.7062535701110316 0.2517128 70026.79201938413 True 0.0160358388648281 53.59606502943488 -3.51184086049461 0.15013976060862638 True 88.234
0.2911393130955538 1548.6721822329514 1.4650893724059375 1.3160809274355865 0.0056584029337186 0.0655012239524326 -0.0609599024163522 1.8916344859117984 1.6992438246273425 12.141460141277715 12.178386723215905 287.1312653313133 557.8207083376948 0.1183117816331245 0.8177004509534331 0.7396193530854636 5.187800973886393 0.015438659520649 2216091285.610924 3 0.1183117816331245 -2.198330757845075 0.2109739385567723 0.2566785016446629 -1.0335217673649684 -1.2081114544794742 0.0780790509101744 0.326553194379884 0.7021159424067858 0.25292924 69893.20491447828 True 0.0799024430019475 51.77622149571867 -1.5013294036742837 0.2909099052899906 True 70.062
0.0806067164277245 378.6133878868767 1.2234072556878124 1.1396015976902565 -0.0024321508579308 -0.0367078381594645 0.0343641511333729 1.3220220974226604 1.2314611405158564 12.190203229436127 12.196111482546238 855.5551789614489 1278.478503039819 1.5868117110183664 3.866352765099365 1.0548118820203545 1.5565405036370372 1.168985618273821 2237023749.665677 4 1.554780942571427 -2.7099711545194918 0.166254382206284 0.1586525117361745 -0.7725064994697243 -0.9642083218029271 0.145495333717778 0.2302670895637384 0.456113990902335 0.17208439 70135.47880400089 False 0.1211612699965235 51.24310552274805 -3.2993919863519423 0.08140335646441546 False 75.231
0.1124949019907449 539.7474878841248 1.48562674664444 1.3296437500360188 -0.0081003984682886 0.039479315694002 -0.0612617779395053 1.6527521819030355 1.4792218933789274 12.1355518881676 12.176909659938378 261.95376424336376 524.6280319291811 0.8523643198662575 2.1646278334716578 0.8456927658462762 0.7743702001017512 -0.3725836012163367 2213367267.3725343 1 0.8523643198662575 -3.383438967831966 0.2257351458645087 0.2714862631825702 -1.8516203223890064 -2.843174821699665 0.0660264833615687 0.2834609184311366 0.7145083613822234 0.024879882 69861.67692560803 True 0.1027122162549521 51.235074571959295 -3.638984774970379 0.11351132007554518 True 120.923
0.1369204767175145 667.2997556204915 1.3033845064701608 1.130144120575863 -0.0013048936551627 0.0360297340039013 -0.0443625659995192 1.4818445344422777 1.2848839923246065 12.181340849770962 12.197588545823765 591.955417276988 1337.9640658828796 1.3628048819966974 4.800957093956303 1.1200236780832746 2.828837960631088 1.0821039271793953 2235270605.395085 4 1.3628048819966974 -2.3536568701208003 0.1732458510621535 0.3001014288219586 -0.7391693041487659 -0.974246673509769 0.104507041420696 0.2978331202138962 0.5078139676272381 0.010607879 70115.18778235052 False 0.092971146319958 51.66289493357844 -3.9401330314267287 0.13690929225923235 True 45.433
0.2625382223170664 1375.8946528557815 1.3266630634133854 1.2923467598681524 -0.012253400523624 0.0423353307236374 -0.0682916525417824 1.6749628256956492 1.6316371808211578 12.176909659938378 12.182817913048488 531.7042338475668 622.5727173350449 2.396546391775142 1.019535887357157 2.5465689092701305 1.5153434734109874 -1.1251738081862748 2215935242.2879024 3 0.7450462618146513 -2.323271364671884 0.1934435784389375 0.2822353021437352 -0.8274824308789736 -0.9984654448384932 0.1114133863358788 0.3803286488921363 0.6345740019866516 0.04840404 69891.39885749888 False 0.1034658310766114 51.63966580898773 -3.907755582597241 0.2624481904469187 False 72.134
0.3960476115681904 2215.012844403685 1.222712298711129 1.175280498655462 -0.0562515693969189 -0.1162831948366262 0.0062028036831433 1.7069645842507235 1.6407475330706298 12.190203229436127 12.194634419268713 859.1957849002926 1075.6757779831937 2.6452955298403715 1.5593192501020952 2.9877707334107835 4.649724470830285 -1.3106061082506957 2211046389.905577 4 0.4962971237494216 -2.6484350270691315 0.1700610622997629 0.3485397461688163 -0.7685787778574411 -0.9123923038549168 0.0533361670614629 0.3599552428215451 0.4884767890632237 0.089584 69834.81491788862 False 0.1278946807576016 51.14190689661044 -1.4459080328725 0.4017844410613388 False 43.159
0.0823113694338951 387.0694344901225 1.9819819929130604 1.1746912402675465 0.041444914493097 0.0365991196091922 0.04962091672417 2.1451216449430555 1.2713816849159691 11.640212636311826 12.194634419268713 26.003203594035355 1078.2233809224438 1.2630124057981904 1.692477417392282 0.4122857322203552 2.101479571482172 0.956024617701197 2236978619.9276643 1 1.2630124057981904 -3.487531522376806 0.2243207717361787 0.3093559062178148 -1.0 -1.5888445249180827 0.1307150198000784 0.3153733266162748 0.7247143276540161 0.03485166 70134.9564690702 True 0.0582644039469902 52.48411234533743 -4.804835569723585 0.08204354658836907 True 85.802
0.1627907672621512 806.1754730335848 1.2028409411749088 1.1518511061809789 0.0441370665627036 0.0905225902545969 -0.0043018390172347 1.3986523408831002 1.339361831527938 12.193157355991184 12.196111482546238 943.0561092028192 1204.8055807385545 1.0556928542033848 2.4402213367321246 2.5003023220238085 4.501982112395147 -0.4022114898392792 2230002120.6528645 4 1.0556928542033848 -2.815702140863277 0.1654792744882355 0.2708127920494906 -0.7677227476962125 -1.0401588256332457 0.1449140627847864 0.2697904010881278 0.4500003860273297 0.6462589 70054.20994968593 False 0.1405085680942481 51.25178543961852 -1.9511810675904573 0.16401111348826355 False 57.367
0.2541715127538475 1326.1154602967947 1.3405036056521518 1.2883090649172342 0.0046269655879422 0.0534988907623187 -0.0462249562803732 1.6812214349527463 1.6157605288417425 12.173955533383324 12.182817913048488 499.420232636256 633.3310271205114 0.5813266548914452 0.9979215708160244 1.0253947556107144 3.0969485479672594 0.161808624551236 2216345311.2154164 3 0.5813266548914452 -2.309926915294127 0.1944933458726045 0.213541897922065 -0.8374183294648323 -1.0470542221470027 0.105193491759531 0.3513305059198098 0.6392470841815496 0.02493383 69896.1450256414 False 0.1453297693068937 51.42728691196568 -3.8929412619635855 0.2551173943784646 True 50.606
0.2629617257242325 1378.4236593357473 1.6362981052579624 1.1457718658373977 -0.0470616136152199 -0.0758458268365332 -0.0059543435209653 2.066581878815888 1.4470660129642736 12.06169872429122 12.196111482546238 135.24419659184375 1241.2805054874227 0.9124069892874392 2.17077605739346 1.9302626395583533 0.5411743484721465 -1.3364728605311582 2211538649.31416 1 0.9124069892874392 -3.1250564346121923 0.2036482955639544 0.2746750779732386 -1.0 -1.5148656539119698 0.1386753481265248 0.3731845231651755 0.6563054134652854 0.052576993 69840.51236474722 True 0.1297119668466644 51.64629745744934 -4.511292046335568 0.2603863136414867 True 67.356
0.2424636537327565 1257.049680241652 1.5186342235095918 1.1993575548541515 -0.0360998801764952 -0.0503783368796279 -0.018020406777994 1.8868478260253352 1.4901581697360742 12.122258318669855 12.193157355991184 227.3625698397489 959.2000939149476 2.652437075243049 0.3194344175593317 0.2866301957606575 6.134716719610189 -0.783520158360394 2227959603.60942 2 0.489155578346744 -1.9877375403959203 0.2044512537870152 0.3102150549449756 -0.6863458518787242 -1.163755371679559 0.1432045200997904 0.2783664262994338 0.6582573983064343 0.009809641 70030.56970612754 False 0.206364561777751 51.52515560869436 -0.6920635981347605 0.24338723736629958 False 73.583
0.1719468490713102 856.2361569306606 1.3868010505235495 1.233524989864494 0.0846166568522652 0.1248490835599966 0.0393850060289423 1.6252571214498568 1.4456257251224136 12.165093153718155 12.190203229436127 405.609890844562 817.0845618820264 2.821664539238121 4.467661232625389 2.0794997787207965 2.442915776291393 -0.9411549354950968 2229685375.6260552 3 0.319928114351672 -2.2265021027543708 0.1935039760108569 0.2496519742174063 -0.8011425157829778 -1.2289190247086617 0.1085248964500415 0.2383360833147808 0.6295738029597867 0.8382476 70050.54391928305 False 0.1065059779291917 51.90505762015008 -2.716964468942188 0.1723075147757957 False 99.464
0.1805492979087702 903.6954685111506 1.1355777112085368 1.117779406569284 0.0368111495221782 0.0250672858248366 0.0487420097436092 1.3406054696880862 1.31959369364225 12.197588545823765 12.197588545823765 1302.5446467195602 1422.6152512216208 2.7928489046502154 0.5938793402349462 1.6999693904288815 5.124132337131743 -0.6087619111504595 2232265781.1357174 4 0.3487437489395779 -inf 0.1549176619446402 0.2751431133114699 -0.7529745939769524 -1.1070794811992464 0.1111335492402789 0.2450150307448076 0.343315699330213 0.14293529 70080.40972379303 False 0.3052690718594526 50.42879017480064 -2.076408259579377 0.18139125931318945 False 93.748
0.1721259711391747 857.2201775361665 1.9595904522651024 1.2458996401196496 -0.0436813357401832 -0.082586308499034 0.0175096388045693 2.2968868618962874 1.4603513256171925 11.688001715076709 12.1887261661586 29.403482588838788 770.6308185963578 1.088239921812785 3.204739845000212 1.3774179226581773 1.7696469535821324 -0.2379028032532573 2237311412.118662 1 1.088239921812785 -3.510813353848501 0.2375877533346874 0.2686707302704501 -1.0 -2.0559162663341413 0.1183345331905381 0.2858495672255154 0.7605103067117497 0.41523314 70138.80823054007 True 0.2420215058053125 51.45262023073185 -4.003372875248567 0.17234806113146806 True 66.6
0.0862844385699089 406.8479729940888 1.4616294283786728 1.1574225219287098 0.0561339617897186 0.0415985209051631 0.0744897720049213 1.5877453030035835 1.2572900744214963 12.144162583495168 12.196111482546238 292.1123839523663 1171.876737553135 1.2485290433344238 2.1303074675461247 1.7573324263064136 5.172501200010454 0.1914470840718124 2238479133.456113 4 1.2485290433344238 -2.0172832969517187 0.1931527592279958 0.2010206785493534 -0.6445902651109725 -0.84042284540636 0.1368173333186117 0.292859959072585 0.6109347577733601 0.4552367 70152.3235237976 False 0.1547793148063254 51.44410564605485 -2.0999119634048857 0.08713153895101122 True 88.378
0.1780080389478377 889.6328131174636 1.4118126828303894 1.3259111744560783 0.0115369783218395 -0.0117562768996886 0.0363393284186696 1.6631266898627126 1.5619340224400295 12.157707837330518 12.176909659938378 363.0762577937055 534.119985451655 2.544859119926825 4.348753036793693 2.443284788414738 5.36877519496384 0.0515170343505153 2220142988.9338226 2 0.596733533662968 -2.2526934057562484 0.206158193176741 0.3241404089886579 -0.9878270901978008 -1.1240610006922025 0.1180068738798829 0.2777913326850145 0.6878585354430209 0.080441654 69940.09962886368 True 0.088113600575959 51.57348138603715 -3.8303472350842425 0.17716106016345354 True 92.341
0.3928891634829087 2194.243766189086 1.396281180941127 1.3247466690111227 -0.0330382742420601 -0.029224988960581 -0.0370574717238423 1.9448649261080144 1.8452252796256725 12.162139027163102 12.176909659938378 389.73295482113554 536.2525387139073 0.6103534003297277 6.1715813352697655 2.5138210330326367 4.410903055704789 -1.454546658948731 2211676161.8344784 2 0.6103534003297277 -2.2643092988430262 0.2043496973762079 0.2875384367475294 -0.9592719735023006 -1.217111417074335 0.0964832558739898 0.3352767730862783 0.6813558735117894 0.14614739 69842.1039448435 True 0.2892774253693442 50.86032968492556 -4.8970057296171 0.3984102449871653 True 52.875
0.1160805599191238 558.2509794943718 1.70912161383017 1.3101720945739113 0.0128809102878333 -0.0316797648137444 0.0710103829413771 1.907517407733453 1.4622576049024625 12.010001509577748 12.179863786493437 98.498973189093 574.0320961853946 0.9315798419986684 4.039900609563189 0.265249123988619 0.1792674565814088 -0.1777484229083675 2226331462.059195 1 0.9315798419986684 -3.373977760711008 0.2344099306305507 0.2355609396580745 -1.359477393825296 -2.090885275086402 0.0857543702500675 0.3826700039617968 0.7576201845415277 0.030526727 70011.72547522216 True 0.0749514839983766 52.02697013234763 -1.8760494177544285 0.11561421850897169 True 97.22
0.1847560237848085 927.0525651193308 1.3432498220181928 1.1735635535245188 -0.0318613008006537 -0.0219569864426554 -0.0431976859999368 1.5914233180839257 1.390386489332479 12.173955533383324 12.194634419268713 494.2349688308525 1084.2008158377882 0.7731379870706356 4.64454519243192 1.1533329729825592 3.889583653117232 -0.3569827819316952 2224337766.78516 4 0.7731379870706356 -2.270474043244438 0.1822858024343716 0.2412975523827744 -0.7542919146186854 -1.0468986996122125 0.1395834574607269 0.215136686407841 0.567717819727836 0.12106208 69988.65029843936 False 0.0806106405511275 51.97175767877115 -3.626756671691613 0.18419155492983763 False 89.649
0.0969958043835862 460.6547952433432 1.4367418525775515 1.2678439774643784 0.0415559307078385 0.0612605535408251 0.0192263248441686 1.576099784259875 1.390819523891421 12.151799584220408 12.185772039603544 326.0292416582429 695.9723419319427 0.5126186283643036 1.587348554810033 1.1863277720358385 3.0036895088839284 -0.8589774311152693 2218867886.792888 3 0.5126186283643036 -2.182578944769288 0.2026489230505415 0.3271454684461204 -0.8611643527421601 -1.2775446120498015 0.1118923216115926 0.3018650640522529 0.668937161819104 0.10596028 69925.3415022325 False 0.0375001830917188 52.85437529581917 -1.028753761748221 0.09648473052946101 True 172.245
0.0217642627519493 98.03300238468958 1.803900547931808 1.2915115113309992 -0.0042453343268989 0.0140564838518717 -0.0298081415889176 1.8431611134353807 1.3196203072107744 11.92121936636499 12.182817913048488 63.953929930230856 624.0899869908969 0.7945643460641346 3.89712273799455 1.5017617524955271 3.3399297640014005 0.093463664319509 2210886188.715051 1 0.7945643460641346 -3.4166285767341518 0.236150366765121 0.2562791511898551 -1.0 -1.737491392953761 0.1140257907752228 0.3014785750757151 0.764078576981933 0.022722047 69832.96073744273 True 0.0997467789194035 52.17258547260618 -2.2099670064022883 0.02187234324615315 True 658.004
0.3813976218934664 2119.0352604986865 1.4524993501002277 1.161778717242993 -0.0710351862567201 -0.0590203015582994 -0.0860566459865037 2.00647914803026 1.6048783571659124 12.14648008794055 12.196111482546238 303.1429509656442 1147.2622368515836 2.7819978063584747 4.580155136713275 0.9523590008284633 3.759527817297146 0.4590580484232808 2211065068.4046493 4 0.3595948472313184 -2.038251132874308 0.1926446909767381 0.2075424554932786 -0.6582232792006323 -0.8412427276731118 0.1474514353352898 0.3022896588376959 0.6105285242964886 0.015465689 69835.03110422047 False 0.1011074224406896 51.79868494230464 -1.7052718935764193 0.38242228882543255 True 36.291
0.1632521512313093 808.6868252621227 1.510284453329848 1.123287758736036 -0.0145424226690372 -0.0049079120366447 -0.0274962285931012 1.7568416393071475 1.3066669018014898 12.126689508502436 12.197588545823765 235.10029068482672 1383.7972837841678 1.4509734773524718 0.6268487599860592 1.4787279435053835 3.884466161200147 -0.6230104796698195 2217231183.5865674 4 1.4509734773524718 -1.8950692155639717 0.194711675778968 0.3196981990565785 -0.5628517236181454 -0.8519329258219136 0.123169948803048 0.2014631217365421 0.6040624594888628 0.07680086 69906.39817808528 False 0.1337283986186884 51.7716272085453 -0.9221265093211316 0.1622791760114533 False 30.057
0.1668237743153204 828.1679704716375 1.3547063588523294 1.2749640657732837 0.0080402414709259 -0.0281562948070243 0.0465006806162656 1.58070358672504 1.4876583833419892 12.171001406828267 12.18429497632602 469.204733528476 674.3952634166628 0.7385734486988668 1.1996012473122963 0.1779277941425543 5.226109411830617 -0.7546777260478343 2234280435.345738 3 0.7385734486988668 -2.2928752192012167 0.1945814182517008 0.335194474028157 -0.8371130461688882 -2.098927022884946 0.1241896439208202 0.3592234745729279 0.6386411742786553 0.072816305 70103.72748085344 False 0.0623927476654207 52.58099009581351 -0.2529891967816571 0.1656627591685659 False 95.251
0.1306681162452098 634.3151871947779 1.290154481291577 1.1764472630040432 -0.0393814193148855 -0.0284309765112597 -0.0513902558343823 1.4587365370272634 1.3301714107226146 12.182817913048488 12.194634419268713 628.2927728643253 1069.920810057661 1.526051134239019 0.2276117191534718 2.855599619614567 3.4626853588522244 0.3516717077660716 2222573377.729532 4 1.526051134239019 -2.41189711749885 0.1771149014985068 0.18819079268924 -0.775655842334486 -0.8797576821098833 0.1390203456496435 0.2414776540756136 0.5382719482026612 0.021626873 69968.22912881403 False 0.3658133077894784 50.22504027656981 -2.4040855991784054 0.13145032526028178 True 34.825
0.1704969475555841 848.2775956011064 1.3445236057098506 1.198039016408028 0.0653029212146854 0.1446512225346897 -0.0237473206694143 1.573760776399808 1.4023010117580912 12.173955533383324 12.193157355991184 490.5138290272876 965.0740278639908 1.098516114073521 2.4347280861259804 0.3567515283442923 3.8983331013708544 -0.804911590089084 2221577937.65374 3 1.098516114073521 -2.283075117540172 0.1851365402312835 0.1545746030229393 -0.7753989149557545 -0.9024206213412064 0.0839050886269317 0.2343977295428291 0.5861753883169176 0.18152311 69956.70783164051 False 0.0555510832854213 52.049062946592784 -1.7702148024815951 0.1701628171506264 False 89.931
