redshift luminosity_distance mass_1_source mass_2_source chi_eff chi_1 chi_2 mass_1 mass_2 radius_1 radius_2 lambda_1 lambda_2 theta_jn phase psi ra dec geocent_time prompt_collapse inclination_EM log10_mej_dyn v_ej_dyn Ye_dyn log10_mdisk log10_mej_wind v_ej_wind Ye_wind chi_BH Ebv trigger_time redshift luminosity_distance prompt_collapse has_grb thetaCore log10_Ekin_iso log10_n0 afterglow_detected snr
0.2157570987771292 1102.1408829132854 1.1282131523078884 1.100343336298638 -0.0192604527634107 -0.0060424801885077 -0.0328132139915689 1.371633148852038 1.3377502221971795 12.197588545823765 12.199065609101297 1352.1458216298554 1550.657830935958 0.4486107778211198 3.935692871338901 2.1915609299309984 5.798807702407106 0.6323939802828249 2236662505.151863 4 0.4486107778211198 -inf 0.152297247588873 0.3282355028884376 -0.7567370731256707 -1.561770010366442 0.1109114320858015 0.3101789036330955 0.3120582034934615 0.14620093 70131.29773323916 0.2157570987771292 1102.1408829132854 4 False 0.4529997400655868 50.12870912561512 -3.3400867270597496 False 20.613
0.2348099877395824 1212.2776692155053 1.931173727541244 1.144007826621444 -0.0367292568196635 -0.0185786104756086 -0.0673689522324555 2.384632606828207 1.4126322903644115 11.742193376662224 12.196111482546238 34.229317525942385 1251.037173215156 0.8850377627699506 0.1180823278914499 2.444215808602052 4.116602935590886 -0.290072050761744 2240055072.510669 1 0.8850377627699506 -3.4172468491062795 0.2134900404978255 0.3234721513911215 -1.0 -1.5498989939347934 0.0756486880261056 0.2987440275948053 0.7014979185885294 0.12644906 70170.56355915127 0.2348099877395824 1212.2776692155053 1 True 0.2734969343054461 51.115897948729234 -3.1305561880685966 True 18.223
0.3692323762035379 2040.0342810914708 1.3612148135154083 1.340060339578852 -0.0073709220394608 0.0389174961479947 -0.0543900589171051 1.8638193936331584 1.834854003017672 12.16952434355074 12.173955533383324 454.7308704651748 501.0479109741033 0.0766644072552168 1.8026777873810584 2.527596336517981 0.7477219267478142 0.6060086405570477 2226771267.176313 3 0.0766644072552168 -2.288343644209168 0.2022278557764383 0.3217754882587608 -0.7526038913739418 -1.1898580128439766 0.1327895605302808 0.389064522821232 0.6739004807561969 0.092007235 70016.81581222585 0.3692323762035379 2040.0342810914708 3 False 0.0110972644233811 53.99916539313775 -3.0441889503801662 False 15.915
0.1760918764459486 879.052884826854 1.6260370211265358 1.1921449686217076 -0.0424757210432101 -0.0396906766899648 -0.0462744077323733 1.912368931347288 1.4020720131419009 12.069084040678856 12.193157355991184 141.4974793055935 991.9647563199206 2.753417084268316 4.388975350640994 2.4889855587952883 1.4136046366409516 0.2377579918294055 2223914794.893844 1 0.388175569321477 -3.168376894634437 0.2121105390551078 0.3413490670339416 -1.0 -2.050097409989159 0.1134695971294628 0.3153531657924084 0.6829629246682536 0.45537454 69983.754790438 0.1760918764459486 879.052884826854 1 True 0.0966088290993162 52.05877303212918 -4.788323536777216 True 31.295
0.4659737497045907 2685.2770203827545 1.3914191358196129 1.2841324295611685 0.0450374260551008 -0.0170675635926147 0.1123311638631562 2.039783927948199 1.8825044328810523 12.163616090440629 12.18429497632602 397.9299906862146 646.5805178747879 2.8227570752172726 2.05631567316347 2.035447020744915 3.05321129917512 0.5449190149284561 2221273322.7382684 3 0.3188355783725208 -2.2513734538536987 0.199469783772345 0.2096532584343511 -0.7692762919406324 -1.0544748232121417 0.1047564597455331 0.3455070286527074 0.6596591796418464 0.020913165 69953.18219604477 0.4659737497045907 2685.2770203827545 3 False 0.1027503782679754 51.89741820548869 -3.173433985892161 False 12.084
0.2287267781814614 1176.9076830686338 1.715766007242029 1.2134905012938138 -0.0119724741678615 -0.0514867952455299 0.0438972082334639 2.1082076381917685 1.4910482740085544 12.005570319745166 12.191680292713654 95.00977003682964 896.777717922952 0.3396482784576986 2.2383572241323324 0.1047867351962221 2.6346904867788834 0.337879279802491 2222245186.152582 1 0.3396482784576986 -3.262961417432215 0.218765925420698 0.2635288578069227 -1.0 -1.497134701703612 0.0698160748028405 0.3133866100440627 0.7130527497732561 0.025825318 69964.43061519193 0.2287267781814614 1176.9076830686338 1 True 0.2796308725645389 51.08172595993272 -4.016522179810141 True 27.835
0.135612245490427 660.3792790578775 1.4280047385565322 1.2094416414345848 -0.0547399800585213 -0.063749313822446 -0.0441025331033615 1.6216596677231536 1.3734567382191567 12.153489188952443 12.191680292713654 337.6635603302862 914.1660301332864 1.210095347348531 5.579129544442316 2.4012348975548816 4.727051229768162 -0.525371235336775 2232734370.6089435 4 1.210095347348531 -2.1360006290671176 0.195332060167403 0.2722249036376281 -0.7094120061383805 -1.3653508290589058 0.1218668055171703 0.3189595500521488 0.6323195718304595 0.62595606 70085.83321306648 0.135612245490427 660.3792790578775 4 False 0.0997289254265835 52.16717655065364 -3.98631902891685 False 20.235
0.4346125078773794 2471.93828002822 1.98313439456142 1.2224839953916065 0.0038981206461544 -0.0252815919579356 0.051233948278034 2.845029407239647 1.753790830468711 11.637781563640766 12.190203229436127 25.851976062093488 860.663334706715 2.9330398827633952 4.290092417329687 2.2122937370811573 3.1979981868456573 -1.4909746254933298 2221681901.029582 1 0.2085527708263979 -3.5167641928227056 0.2348054084553115 0.2047145398237702 -1.0 -1.707735878497094 0.068758784240461 0.3010808801349466 0.750890219867819 0.13123272 69957.91111145349 0.4346125078773794 2471.93828002822 1 True 0.3127709300599521 51.1044201375866 -1.599294789964898 True 31.598
0.1017627996476664 484.8263702662004 1.872115128643581 1.3397037766459516 -0.0144790470410507 -0.0468077924405268 0.0306974572037531 2.0626268053971035 1.4760357836559956 11.83570804282948 12.173955533383324 46.19704259109219 502.2491177802409 0.8087943444908596 1.5396522985441643 0.0354994392513132 1.3726099162841152 0.5034079048422394 2227993220.9756126 1 0.8087943444908596 -3.5214699919255263 0.2479190579011647 0.2514952652335586 -1.156360781646124 -1.5644150672022992 0.0922811381558417 0.2630711190322775 0.7917365510819042 0.5569082 70030.95879601403 0.1017627996476664 484.8263702662004 1 True 0.0865830006341327 52.017051776958645 -4.929498038199175 True 44.794
0.2624368335804627 1375.289329117741 1.79617093676652 1.1555611358594964 0.0431868210545444 0.0547300561910029 0.0252443489299973 2.26755234998078 1.4588229413631055 11.928763029313725 12.196111482546238 66.36161294577326 1182.5751952571711 0.2699180205184449 2.6518693790822745 2.152619415166944 4.165398054571139 -0.5718211476607771 2219521614.074266 1 0.2699180205184449 -3.284078955033768 0.209925001304704 0.2114319669095741 -1.0 -1.4706640418100845 0.0695213541289415 0.3907975024486391 0.6924040443733223 0.23908205 69932.90779021141 0.2624368335804627 1375.289329117741 1 True 0.3764607397083608 50.77205056374352 -0.576970481304576 True 22.496
0.1440142307923393 704.9981486492375 1.1789217423251763 1.1730758876788074 0.0379874584169273 0.0439114964937952 0.0320338987499553 1.3487032502105014 1.3420155093039114 12.194634419268713 12.194634419268713 1057.511841252457 1086.5778356036128 2.3778873147940978 3.9991402056377288 0.5783374496661762 6.251048956092814 -0.5920702160131024 2230253357.453552 4 0.7637053387956955 -2.878458949347849 0.1652730974674836 0.2269901189204188 -0.7454260677270256 -1.0204633002748758 0.0585888707883443 0.3503228689056094 0.448466190753402 0.010228317 70057.11778302722 0.1440142307923393 704.9981486492375 4 False 0.1891007218142102 50.97146708578244 -0.225470252319365 False 26.781
0.4665425143904971 2689.1815191503533 1.4876825063055972 1.2592737621998538 0.0046962531840484 0.0224198550835315 -0.0162420791199014 2.181749643412167 1.8467785095225544 12.134074824890074 12.187249102881072 259.80976987165167 723.9597949175518 2.9781407206332084 4.584274165397453 0.4012461252144252 4.807514819149027 -0.7214377805643981 2233362561.305828 2 0.1634519329565846 -2.1080412414180345 0.2074288259640426 0.3095130683793788 -0.7091493526832574 -1.210179555477449 0.1112543025270211 0.2215665258396657 0.682090475007332 0.09582688 70093.10393872486 0.4665425143904971 2689.1815191503533 2 True 0.3540252880395979 51.10604055291312 -4.068281800550241 True 33.024
0.3036102596886951 1625.2470803457368 1.1238406441346294 1.1114922426266434 0.0538271796477957 0.0542595043381308 0.0533900519380123 1.4650501939490546 1.4489526910524888 12.197588545823765 12.197588545823765 1380.4172254555424 1466.6373255129013 2.383264776930476 4.875655658120667 0.4914126782768828 3.2128048747642346 -0.3307800490597752 2228809058.569601 4 0.7583278766593172 -inf 0.1530448996539378 0.1522781572504659 -0.7490916513758197 -1.308571885758714 0.1288349913257712 0.2406746244232884 0.3211506873550803 0.059108954 70040.40136075928 0.3036102596886951 1625.2470803457368 4 False 0.0758271838266545 51.63746739199997 -0.4835647825011877 False 12.331
0.1486941104063847 730.0273765420698 1.2277700387286927 1.1861327611725707 -0.0457320247858004 -0.0277703957050892 -0.0643241678864215 1.4103322124210682 1.362503716918995 12.190203229436127 12.193157355991184 838.8494044398359 1020.5460921292664 0.8723489526989983 3.8648954427203694 0.1435880598432629 3.617824328285863 0.5830598372805191 2221374114.478185 4 0.8723489526989983 -2.6075686976742816 0.1717504689881892 0.2256157788935557 -0.761151416212729 -0.9244630415986156 0.0800234737987488 0.350039393817473 0.501850833088834 0.018508863 69954.34876710862 0.1486941104063847 730.0273765420698 4 False 0.4056408807306667 50.21599680474933 -4.2612809137225005 True 25.334
0.3093162558349421 1660.529318248869 1.5571481128544695 1.2525009240387666 -0.0223594222092598 -0.0642127189650399 0.029673898333012 2.03879933690306 1.639919820292243 12.106010622617047 12.187249102881072 191.78161446798484 748.0228684214591 0.0366129474449994 4.183581735150454 3.098371320061689 1.2158067889471988 -0.9579378853508804 2220376995.8054347 3 0.0366129474449994 -2.015598090497518 0.2148266053864925 0.2759000979468021 -0.6429522303171823 -1.0244443297099095 0.1472825176713443 0.3817633778684324 0.6988471973198034 0.01151906 69942.80804172957 0.3093162558349421 1660.529318248869 3 True 0.2323036044431273 51.45984015537356 -2.579743424355594 True 39.266
0.3540058159033648 1942.061762241691 1.4622338630222758 1.2507099246528302 0.0177146682417644 0.0373635210762303 -0.0052572594752658 1.9798731547430053 1.693468511987991 12.142937204555242 12.187249102881072 291.19057944132925 754.0929752843857 0.6071401319317687 3.535151305225688 1.512987920579422 5.616681781052535 -0.3968312853863975 2237229682.578487 2 0.6071401319317687 -2.1307527137129854 0.2036414417097367 0.3203543938732663 -0.720827353393655 -1.349275787532994 0.0992319102490454 0.3864151486385106 0.668965417014094 0.04895355 70137.86228678805 0.3540058159033648 1942.061762241691 2 True 0.2632807760557755 51.33501462762629 -4.951931435820915 True 13.665
0.1752035960777076 874.1552210458804 1.2723138636453477 1.2301160647327132 -0.0120397835308328 -0.03244860554463 0.009069141011557 1.4952278278955349 1.4456368228668428 12.185772039603544 12.190203229436127 681.8914128542013 829.6643787645565 0.8546799811208569 6.11906657420779 2.33888876477467 0.9349422836644156 0.4824521574561042 2232293293.7211647 4 0.8546799811208569 -2.433955068044175 0.1810769734567794 0.2848510015029407 -0.7608943775781956 -1.0493421879319993 0.0633299257546508 0.3180124346770841 0.5664475359187829 0.18325222 70080.72815649497 0.1752035960777076 874.1552210458804 4 False 0.4009627419483865 50.54749222458124 -2.223982348051348 False 21.439
0.4633361419806712 2667.186460693146 1.384001601311913 1.2845754183836755 -0.0161963718651738 -0.0308825378053922 -0.0003734961604762 2.025259563758846 1.879765636820775 12.165093153718155 12.18429497632602 411.4076854498376 644.7961278314776 0.2470984078984737 5.624362679517386 0.508807860257429 4.192725978662375 0.7005147190055211 2230517688.357171 3 0.2470984078984737 -2.2603251080718185 0.1987227565438092 0.1585504384081332 -0.7697270210308477 -1.049590708934221 0.0955929123274378 0.3818211979859731 0.6568048720891987 0.016237592 70060.17716848578 0.4633361419806712 2667.186460693146 3 False 0.0974756455710485 51.8942243316904 -1.7778562730653258 False 12.332
0.4089350008719815 2300.189784958442 1.5422475747291593 1.267291396070921 0.0036674661983618 0.0074645745237097 -0.000953476643914 2.1729265880458395 1.7855312042282374 12.11191887572716 12.185772039603544 204.36462457752657 698.8888249848226 0.6033485464961706 2.699366799776655 0.6857829710932587 2.1954228284619544 -0.402645174087047 2230202802.231946 3 0.6033485464961706 -2.0542225627495365 0.2146353216661053 0.1626150520331765 -0.6719541861971728 -0.8251389728400136 0.0610539558958664 0.3172792750752947 0.7022530131526379 0.1252795 70056.53265314753 0.4089350008719815 2300.189784958442 3 True 0.0422183986643764 52.59892948433091 -0.8395371146272996 True 12.462
0.3562574541650589 1956.4851934545825 1.5987988867232847 1.2383798491719826 0.0052601948456945 0.0101164567328894 -0.0010094372902572 2.1683829078292525 1.679561901527303 12.083854673454132 12.1887261661586 159.9869652585419 797.9476429426869 0.2252712303155647 0.4696388406086121 3.0755517740004947 3.630875034003712 -0.9844334654177312 2229634618.212431 1 0.2252712303155647 -3.210852946558731 0.2189254356637675 0.3255983538718937 -1.0 -1.7450030779379748 0.0751785536321582 0.2402209673609397 0.702086335406082 0.5556896 70049.95644921795 0.3562574541650589 1956.4851934545825 1 True 0.2949116944736753 51.10662993806153 -1.5837073367201873 True 38.868
0.295493238758551 1575.322150122096 1.4805459942560706 1.2480291052859322 0.043652537186833 0.0964402421860874 -0.0189699007447819 1.918037325229796 1.616813267671809 12.137028951445131 12.1887261661586 267.94907023854574 763.8139827862905 0.5465901781589295 5.160871452664543 1.187854112822059 0.030847926860824 0.6638472603392892 2209093769.446373 2 0.5465901781589295 -2.103224634140902 0.2053955541327566 0.2494528935818668 -0.704084759823646 -1.0156527170681449 0.1063416469647743 0.3460947948185838 0.673792644712599 0.08890199 69812.21514405524 0.295493238758551 1575.322150122096 2 False 0.2494037655757964 51.24809379630194 -3.347377584900189 False 17.037
0.0999787992298797 475.7642339149993 1.72417896988499 1.1537305874787291 6.721328315248656e-05 0.0262698695822472 -0.0390910351297219 1.8965603129515023 1.2690791862496362 11.998185003357523 12.196111482546238 92.0977754106914 1192.486233617473 0.5387831356552856 4.023802319974202 1.8990644971244208 0.9313227733999208 -0.17315073944793 2232860101.1726418 1 0.5387831356552856 -3.21272066279844 0.207318735450826 0.1558432206594533 -1.0 -1.666375004706504 0.0763745277054354 0.3782663405467147 0.6795713613461271 0.04645104 70087.2884279241 0.0999787992298797 475.7642339149993 1 True 0.0983067708609438 51.97732977978635 -1.1016625226629897 True 52.014
0.1842797151606473 924.403064768864 1.290722853685116 1.1134774275957935 -0.037103203801882 -0.0493561391170153 -0.0228998232536873 1.528576893513547 1.3186687307909566 12.182817913048488 12.197588545823765 627.4424530854536 1453.390536486745 0.2945109904660307 1.5396544765425808 1.067298019520009 4.178840602865894 0.6434300205121014 2227325820.022273 4 0.2945109904660307 -2.387698291217886 0.1700519713121869 0.292183499669234 -0.7293254153627369 -0.916002451938026 0.1329178540602885 0.2020055601135209 0.4833839999914147 0.019323766 70023.23424794298 0.1842797151606473 924.403064768864 4 False 0.4114211689559826 50.28386580583832 -4.101890990979391 True 27.196
0.2020196899850314 1023.9169647300662 1.8941126987285664 1.1901174251118671 0.013973252536066 -0.0068012441588569 0.047036576515084 2.276760758922422 1.4305445783787505 11.80321265072387 12.193157355991184 41.48516159655574 1001.9253354757076 0.4174204908489059 2.1421230479504487 0.3095466401910702 1.4127674995472377 0.1211897732266531 2219371220.972845 1 0.4174204908489059 -3.406464333536405 0.2217993536270662 0.1649068953321722 -1.0 -1.4798061221287528 0.1432114025967032 0.3412733248079361 0.7251062607320807 0.52828777 69931.16712931533 0.2020196899850314 1023.9169647300662 1 True 0.4255392491758543 50.74528378359078 -1.6113505420013796 True 43.382
0.1213460681068251 585.5619491485129 1.2664306621689012 1.1647948522152056 -0.0198328180304921 -0.0245859826019411 -0.0146649094119316 1.4201070435530203 1.3061381276825912 12.185772039603544 12.194634419268713 700.2921892540724 1130.4389296825132 2.866379549522147 1.623451884860063 2.649191618967999 3.988595900152273 0.7253093057707379 2233881561.619835 4 0.2752131040676459 -2.48981591501273 0.1734063707954499 0.3259176867639344 -0.7683174173706077 -0.9863125968216137 0.0767672352705776 0.2718843937642324 0.5127402281241219 0.024068482 70099.11088680364 0.1213460681068251 585.5619491485129 4 False 0.1259892845663495 51.38531429328236 -3.0671072241234194 False 42.393
0.2896233698056503 1539.414582957331 1.4152298505456753 1.3704279742397598 0.0812516196275709 0.0410280837284233 0.1227901388120968 1.8251134889102607 1.76733594221501 12.157707837330518 12.168047280273212 358.2176440673037 436.4645454601536 0.1695518824198855 0.3708491248311896 2.5661293988811784 3.167197128084722 -0.6270475818173485 2235434083.715595 3 0.1695518824198855 -2.270102576452796 0.2112665667827666 0.2269758812976572 -0.7618775121120073 -1.0761792285731986 0.0975688586672983 0.23617849957042 0.7078775256343841 0.069234975 70117.0798925416 0.2896233698056503 1539.414582957331 3 True 0.21617888294148 51.35696601164307 -2.948296264470629 True 35.282
0.0690742376983567 321.8816732231522 1.3497435099816406 1.2828186018626004 0.0437314111165679 0.0209378440194365 0.0677141232584203 1.4429760140219263 1.3714283188915313 12.172478470105794 12.18429497632602 478.77726777589726 650.2967952702709 0.3060283242785908 4.685646891654929 0.8660215835935183 4.676822056035936 0.2848665782571187 2239129166.304215 3 0.3060283242785908 -2.299823072239484 0.1948775312913285 0.3287853529223228 -0.7670402428553358 -0.9911051927528612 0.0659623445614125 0.2911570882440358 0.6406639453768079 0.09814946 70159.84705213211 0.0690742376983567 321.8816732231522 3 False 0.1353414061547311 51.56505602496222 -3.931956437479968 False 83.431
0.4280265508328761 2427.631726715068 1.4127565496140926 1.3682381717484575 0.0074104587732463 -0.0183068716566981 0.0339645542178027 2.017453862711968 1.9538804371198304 12.157707837330518 12.168047280273212 361.6360644353354 441.22453078910274 2.816254878078729 2.690436529503697 1.641405285727021 0.241651401067295 0.2085431001400699 2226832902.837751 3 0.325337775511064 -2.270211527504429 0.2107784344052339 0.3094458030134781 -0.7617358660546035 -1.0128708597990046 0.0511866224481621 0.3718973911337491 0.7061244490044692 0.050400075 70017.52918793693 0.4280265508328761 2427.631726715068 3 True 0.2843306983923299 51.07510212048594 -4.456313248077547 True 15.446
