redshift luminosity_distance mass_1_source mass_2_source chi_eff chi_1 chi_2 mass_1 mass_2 radius_1 radius_2 lambda_1 lambda_2 theta_jn phase psi ra dec geocent_time prompt_collapse inclination_EM log10_mej_dyn v_ej_dyn Ye_dyn log10_mdisk log10_mej_wind v_ej_wind Ye_wind chi_BH Ebv trigger_time redshift luminosity_distance prompt_collapse has_grb thetaCore log10_Ekin_iso log10_n0 afterglow_detected
0.2557066728653117 1335.2228845816496 1.351430157577055 1.1179772486858353 0.0065527867754212 0.0048163836269571 0.0086517808142574 1.696999866780928 1.4038514912864053 12.172478470105794 12.197588545823765 475.39561906706575 1421.4417637906206 2.788136716868803 3.2079612419390644 2.151472228513214 6.045396875532661 -0.2815753221538924 2238024831.327132 4 0.3534559367209899 -2.1992883384798407 0.1767412578784566 0.1927406528042858 -0.6799129390204299 -0.838151525134516 0.1414954376870558 0.2543915176106335 0.5270483101832317 0.034295667 70147.06539730477 0.2557066728653117 1335.2228845816496 4 False 0.1363122224340917 -inf -3.128966991549861 False
0.2533292691062342 1321.1238385869692 1.340119926519909 1.1728438735844358 0.0188289098607715 0.0557570516002723 -0.023366082762766 1.6796115280198978 1.4699595548553053 12.173955533383324 12.194634419268713 500.8110906121631 1087.9802333943792 2.567582972765009 4.940083915651432 2.221922868461002 4.708309140770654 0.4210805241369199 2234858275.8301754 4 0.5740096808247843 -2.2774771231629227 0.1818874646956089 0.2934039638312988 -0.7427312691571601 -0.9471459941773724 0.0799292682625824 0.260971749985453 0.5654902442753261 0.093343005 70110.41544942332 0.2533292691062342 1321.1238385869692 4 False 0.2226693459947472 50.63443517553345 -1.1623472938403054 True
0.2157570987771292 1102.1408829132854 1.1282131523078884 1.100343336298638 -0.0192604527634107 -0.0060424801885077 -0.0328132139915689 1.371633148852038 1.3377502221971795 12.197588545823765 12.199065609101297 1352.1458216298554 1550.657830935958 0.4486107778211198 3.935692871338901 2.1915609299309984 5.798807702407106 0.6323939802828249 2236662505.151863 4 0.4486107778211198 -inf 0.152297247588873 0.3282355028884376 -0.7567370731256707 -1.561770010366442 0.1109114320858015 0.3101789036330955 0.3120582034934615 0.14620093 70131.29773323916 0.2157570987771292 1102.1408829132854 4 False 0.4529997400655868 49.93562844265456 -3.3400867270597496 False
0.0678898159400465 316.1023681797332 1.5883483709223198 1.1820438262071709 -0.0076438612694273 -0.0234519457099323 0.0135979443318465 1.6961810494729088 1.262292564001444 12.089762926564244 12.194634419268713 167.53981113208525 1041.7905218242254 1.529902525389703 0.5055731539880121 2.3969830706900104 3.663069723256044 -0.3492498258307981 2235495051.8106184 2 1.529902525389703 -1.8753381053540303 0.2110039575352403 0.2021252860694656 -0.5431332521749517 -0.6633077770494007 0.0991045118605484 0.2738673759828324 0.6675971215268127 0.07309167 70117.78554178956 0.0678898159400465 316.1023681797332 2 False 0.052631630204884 -inf -2.1428672494051115 True
0.1760918764459486 879.052884826854 1.6260370211265358 1.1921449686217076 -0.0424757210432101 -0.0396906766899648 -0.0462744077323733 1.912368931347288 1.4020720131419009 12.069084040678856 12.193157355991184 141.4974793055935 991.9647563199206 2.753417084268316 4.388975350640994 2.4889855587952883 1.4136046366409516 0.2377579918294055 2223914794.893844 1 0.388175569321477 -3.168376894634437 0.2121105390551078 0.3413490670339416 -1.0 -2.050097409989159 0.1134695971294628 0.3153531657924084 0.6829629246682536 0.45537454 69983.754790438 0.1760918764459486 879.052884826854 1 True 0.0966088290993162 52.0429954882673 -4.788323536777216 True
0.1949170348816167 983.8691148077 1.487323689172261 1.288282248593288 0.0148330557443218 0.0029479994382207 0.0285543701616494 1.7772284125749054 1.539390404579713 12.134731825183488 12.182817913048488 261.02403194515074 633.4009747614268 0.3908536492628509 3.8851332873048032 1.4111599164300122 2.485970315434704 0.3553545461145797 2231909178.6651387 3 0.3908536492628509 -2.14414042984218 0.2104968787427162 0.1727321811639131 -0.7342151299636367 -1.162180425396014 0.0517042724178106 0.3871353462590173 0.6963297861329129 0.0480775 70076.28238038355 0.1949170348816167 983.8691148077 3 True 0.1168621557056001 51.98169087855927 -2.96471945476918 True
0.168935627181997 839.7205710980245 1.365483543728465 1.156499008548207 -0.0679784488762176 -0.0450986722118951 -0.0949927033532136 1.596162362594929 1.351872893892656 12.16952434355074 12.196111482546238 447.1815257250805 1177.7470068968553 2.358996839334698 0.6062189664794322 0.5950044415331135 1.3020017647047943 0.4262757092557093 2234351327.065523 4 0.7825958142550951 -2.203879852747316 0.1826715253826929 0.3187931271209673 -0.7092735051801755 -1.0320436789206475 0.1276707696400501 0.3005985299266031 0.5666154958486771 0.5387563 70104.54798686948 0.168935627181997 839.7205710980245 4 False 0.0745839566440714 51.58573959364703 -0.825857570009183 False
0.166756540322794 827.8005864518512 1.8783471377766137 1.293855320358282 -0.0416283631068031 -0.0545587596151218 -0.0228567331652176 2.1915738079974645 1.5096141572594697 11.826845663164312 12.182817913048488 44.70603862723579 618.4623601063641 1.2350303134116154 6.091414097890828 0.1927810242052162 1.2206932344980663 -0.3124098060388253 2225011888.056754 1 1.2350303134116154 -3.4787059004547056 0.2407729236579741 0.2340635896413871 -1.0 -1.5484222817340685 0.0607007188240937 0.2909893327902131 0.7741019025524479 0.046765003 69996.4526279717 0.166756540322794 827.8005864518512 1 True 0.0621931280710055 52.47746720473344 -4.0823982857577015 False
0.2015416519188576 1021.213050995796 1.4357864938274925 1.2440575790348032 0.014084073666613 -0.0870739585608745 0.1308321557988546 1.72515727559627 1.4947869985956523 12.151799584220408 12.1887261661586 326.2886319457921 777.3890995922687 2.909035715292783 1.633021532146868 2.980252875321697 6.095641892961814 -0.7112333392616429 2228853120.290215 4 0.2325569382970101 -2.1603887031182865 0.1999715542822036 0.2876055461040226 -0.7339839274747575 -1.284167589211524 0.0743593868823339 0.2634868314129774 0.6557989608811822 0.015557873 70040.9113343775 0.2015416519188576 1021.213050995796 4 False 0.0469038099765245 52.72047592530565 -3.846438292567532 False
0.2158973973743357 1102.9449426024971 1.8587393842073987 1.3372378020447124 -0.0075309778390393 -0.0035910194395123 -0.0130074576679387 2.2600363796549514 1.625943963176743 11.852297213678712 12.175432596660851 49.20392308546934 506.7036233269407 0.4089817614757721 5.779961682628532 0.8560104960003039 1.3652281476975765 -1.252085180396104 2230025541.429726 1 0.4089817614757721 -3.509600366401365 0.2466980283600037 0.2356189956245046 -1.1792775001275673 -2.1564639821763847 0.090157164870634 0.2403342729527894 0.7893321792972238 0.14833446 70054.4810234922 0.2158973973743357 1102.9449426024971 1 True 0.0436588652433979 52.72956357653192 -3.124210409014178 True
0.2806995525287678 1485.1432820132034 1.8515025740573616 1.1946034420388842 0.0185024923612591 0.0206184792009931 0.0152229479178307 2.3712185181011254 1.529928093668525 11.863772245102506 12.193157355991184 50.82206962088337 980.6270690488864 0.420487932240039 3.559129942697958 0.8331816907455633 0.7168328543920026 -1.2831760710539672 2232525250.4624662 1 0.420487932240039 -3.368290057980589 0.2205373405565716 0.2282862167286241 -1.0 -1.7327365875272145 0.1429795628841369 0.3268053825710409 0.7227411199648027 0.037605543 70083.41284100077 0.2806995525287678 1485.1432820132034 1 True 0.1328238132199201 51.78073107245193 -1.7192871359228974 True
0.2287267781814614 1176.9076830686338 1.715766007242029 1.2134905012938138 -0.0119724741678615 -0.0514867952455299 0.0438972082334639 2.1082076381917685 1.4910482740085544 12.005570319745166 12.191680292713654 95.00977003682964 896.777717922952 0.3396482784576986 2.2383572241323324 0.1047867351962221 2.6346904867788834 0.337879279802491 2222245186.152582 1 0.3396482784576986 -3.262961417432215 0.218765925420698 0.2635288578069227 -1.0 -1.497134701703612 0.0698160748028405 0.3133866100440627 0.7130527497732561 0.025825318 69964.43061519193 0.2287267781814614 1176.9076830686338 1 True 0.2796308725645389 51.05731950751487 -4.016522179810141 True
0.135612245490427 660.3792790578775 1.4280047385565322 1.2094416414345848 -0.0547399800585213 -0.063749313822446 -0.0441025331033615 1.6216596677231536 1.3734567382191567 12.153489188952443 12.191680292713654 337.6635603302862 914.1660301332864 1.210095347348531 5.579129544442316 2.4012348975548816 4.727051229768162 -0.525371235336775 2232734370.6089435 4 1.210095347348531 -2.1360006290671176 0.195332060167403 0.2722249036376281 -0.7094120061383805 -1.3653508290589058 0.1218668055171703 0.3189595500521488 0.6323195718304595 0.62595606 70085.83321306648 0.135612245490427 660.3792790578775 4 False 0.0997289254265835 52.09059759349146 -3.98631902891685 False
0.1040748249615613 496.5993872350653 1.2906244543087413 1.289507680746398 0.0007440680151759 -0.0913178915406103 0.0928857575051568 1.424945968482034 1.4237129669066682 12.182817913048488 12.182817913048488 627.9287939401817 629.842449835228 1.3861407804582362 0.437421068426846 2.268956131818838 2.700337047841189 -0.1481612051874221 2210902809.880596 3 1.3861407804582362 -2.3582520541060865 0.1893257141173374 0.2732698390147507 -0.7430916614354449 -0.9077119761888538 0.0722909242511589 0.3477296592457565 0.6140139543631039 0.048120394 69833.15311204393 0.1040748249615613 496.5993872350653 3 False 0.0897731419534791 51.52667143447411 -2.7208304266252856 True
0.1017627996476664 484.8263702662004 1.872115128643581 1.3397037766459516 -0.0144790470410507 -0.0468077924405268 0.0306974572037531 2.0626268053971035 1.4760357836559956 11.83570804282948 12.173955533383324 46.19704259109219 502.2491177802409 0.8087943444908596 1.5396522985441643 0.0354994392513132 1.3726099162841152 0.5034079048422394 2227993220.9756126 1 0.8087943444908596 -3.5214699919255263 0.2479190579011647 0.2514952652335586 -1.156360781646124 -1.5644150672022992 0.0922811381558417 0.2630711190322775 0.7917365510819042 0.5569082 70030.95879601403 0.1017627996476664 484.8263702662004 1 True 0.0865830006341327 51.975614539135535 -4.929498038199175 True
0.2442232990935259 1267.3855538887465 1.4610021218902216 1.2632482781063656 -0.0172451018205907 -0.0364825430585536 0.0050038439769318 1.817812880080893 1.571762940159718 12.143904840514306 12.185772039603544 291.80150900370967 710.947456024309 2.9127947610375093 0.3714381974725778 2.011909741558956 2.977016832092908 1.2364186580420942 2230329244.470475 2 0.228797892552284 -2.1465224374973784 0.2048512361750148 0.1663023047300845 -0.7321325168413704 -0.9317226456174844 0.1057918771694555 0.2603423183282879 0.6752939792213409 0.019475225 70057.99610498235 0.2442232990935259 1267.3855538887465 2 False 0.2712345718303587 50.60455068486094 -0.9051575516331942 False
0.2276460334382726 1170.643907727584 1.9154261796919068 1.2390281570148285 -0.0193686455398828 -0.049908860910187 0.0278437827834953 2.3514653518425934 1.5210880022775874 11.769240195340732 12.1887261661586 37.1468457046994 795.8315634956164 0.5183799563745901 3.688852435066383 1.7072428235053123 1.2952931292587415 -0.774309782370668 2226964046.4299674 1 0.5183799563745901 -3.463487965654864 0.2330873378328907 0.2342025721584373 -1.0 -1.9136868297646672 0.0531172063306185 0.3980627939918797 0.7529817571660428 0.012461645 70019.04705358758 0.2276460334382726 1170.643907727584 1 True 0.1712717426111988 51.62987833665765 -3.134429325484778 True
0.0683506011163368 318.34968768610224 1.4992944187625428 1.2046306341088655 -0.0131615806785013 -0.0474904289693516 0.0295644211246095 1.6017720935353317 1.286967862073361 12.129682990944811 12.191680292713654 247.85937071764133 935.561712247588 1.882172137988496 2.786611942884909 0.9267662253262796 1.2403518998878216 0.5528783360768296 2234809185.791789 3 1.2594205156012972 -2.021493128794892 0.2027991544097802 0.2878464959659916 -0.6409078822365805 -0.8651654126274627 0.0646358380316312 0.269881170346912 0.6552070397843515 1.6201366 70109.84727768274 0.0683506011163368 318.34968768610224 3 False 0.1013269916212775 51.80551446713464 -3.7058117103511625 False
0.3671940472727727 2026.8601122905588 1.4384003292129752 1.151634463239288 0.0087783544656167 -0.0232260159352384 0.0487520600035333 1.9665723676951763 1.5745077827749292 12.15032252094288 12.196111482546238 322.597140918433 1205.9977523494267 0.1560635573077684 4.5482158121360055 0.3808744949409025 3.9401628636930695 -1.2543663895164292 2226651099.113615 3 0.1560635573077684 -2.050074619288443 0.1899299608896567 0.2911674362979427 -0.6358869135457851 -1.0106111988603534 0.0725857362479735 0.3500303405499678 0.5974064243395593 0.15782474 70015.42497816685 0.3671940472727727 2026.8601122905588 3 False 0.357555198893584 50.846923348185385 -3.318931543756054 False
0.2624368335804627 1375.289329117741 1.79617093676652 1.1555611358594964 0.0431868210545444 0.0547300561910029 0.0252443489299973 2.26755234998078 1.4588229413631055 11.928763029313725 12.196111482546238 66.36161294577326 1182.5751952571711 0.2699180205184449 2.6518693790822745 2.152619415166944 4.165398054571139 -0.5718211476607771 2219521614.074266 1 0.2699180205184449 -3.284078955033768 0.209925001304704 0.2114319669095741 -1.0 -1.4706640418100845 0.0695213541289415 0.3907975024486391 0.6924040443733223 0.23908205 69932.90779021141 0.2624368335804627 1375.289329117741 1 True 0.3764607397083608 50.74343345621522 -0.576970481304576 True
0.1440142307923393 704.9981486492375 1.1789217423251763 1.1730758876788074 0.0379874584169273 0.0439114964937952 0.0320338987499553 1.3487032502105014 1.3420155093039114 12.194634419268713 12.194634419268713 1057.511841252457 1086.5778356036128 2.3778873147940978 3.9991402056377288 0.5783374496661762 6.251048956092814 -0.5920702160131024 2230253357.453552 4 0.7637053387956955 -2.878458949347849 0.1652730974674836 0.2269901189204188 -0.7454260677270256 -1.0204633002748758 0.0585888707883443 0.3503228689056094 0.448466190753402 0.010228317 70057.11778302722 0.1440142307923393 704.9981486492375 4 False 0.1891007218142102 50.8195038448448 -0.225470252319365 False
0.1095271303171346 524.490719836944 1.540237085949776 1.1014432701835757 -0.033872818499445 -0.0332944975934817 -0.0346815313320145 1.7089348339818808 1.2220811907739029 12.113395939004688 12.199065609101297 206.0708611920211 1541.5920725599092 1.1953929524153122 3.657633198150591 0.1418089265864509 0.914926198352696 -0.8422567282170678 2230919038.439405 4 1.1953929524153122 -1.8224916665605757 0.1956526299390373 0.2567440538102133 -0.5021449630316597 -0.9203831358071988 0.145165645461699 0.3243554576853462 0.5973994747040811 0.010329621 70064.82242406718 0.1095271303171346 524.490719836944 4 False 0.1323767911819204 51.59845441833902 -3.818458486674845 False
0.0865869556638496 408.3579451818352 1.3718282658533572 1.1379371461907617 -0.0074397420747127 -0.0144310235810024 0.0009885244749568 1.4906106990872177 1.2364676594162285 12.168047280273212 12.197588545823765 434.7215990554978 1288.0320790997018 0.8029296052090237 4.296286442544883 2.014396608516368 1.096574874526936 0.2238516345259907 2225008793.8657045 4 0.8029296052090237 -2.170178164632653 0.1811939985334928 0.2302820922561193 -0.6834672367059322 -0.9669783441361924 0.100893273953284 0.3853885710826767 0.5552773496590979 0.5205379 69996.41681557528 0.0865869556638496 408.3579451818352 4 False 0.0450564433193033 52.14749222688386 -0.169468999285848 False
0.1578535055957552 779.3767468975068 1.745781585532325 1.3515562458533807 0.0174499791027806 0.0116774330126854 0.0249062760172769 2.0213593288131184 1.5649041372711754 11.978983180749664 12.172478470105794 83.03365839540437 474.96006820438834 0.3076606193457346 2.4298978778680933 1.0428977152128145 2.046778720440903 -0.1180123273570859 2227766354.369481 1 0.3076606193457346 -3.453744800213688 0.242264024287535 0.2144761250597939 -1.6351624004248475 -2.3407492849281666 0.092224994082605 0.3371054303337994 0.7797590301244609 0.09829473 70028.33302510974 0.1578535055957552 779.3767468975068 1 True 0.0621875678639387 51.89323807277383 -1.4252636801146252 True
0.1726808336634633 860.2694906449093 1.6112317958487528 1.1019427627992475 0.0079879030848257 0.003990445828833 0.0138328802023669 1.8894606455809944 1.2922271577288416 12.076469357066497 12.199065609101297 150.83607048210337 1537.624248425013 1.395629006538313 6.104814127025105 0.2892915683184788 3.225039829423704 -1.1949165107685844 2226726769.2654624 3 1.395629006538313 -1.734828930064452 0.2047209567044935 0.343022281750698 -0.466379343846224 -0.7679465999034825 0.1346664751710898 0.379828402437973 0.6189273945450137 0.38051528 70016.30079010951 0.1726808336634633 860.2694906449093 3 False 0.2734496834357107 50.73313551889685 -1.136438043628873 False
0.1486941104063847 730.0273765420698 1.2277700387286927 1.1861327611725707 -0.0457320247858004 -0.0277703957050892 -0.0643241678864215 1.4103322124210682 1.362503716918995 12.190203229436127 12.193157355991184 838.8494044398359 1020.5460921292664 0.8723489526989983 3.8648954427203694 0.1435880598432629 3.617824328285863 0.5830598372805191 2221374114.478185 4 0.8723489526989983 -2.6075686976742816 0.1717504689881892 0.2256157788935557 -0.761151416212729 -0.9244630415986156 0.0800234737987488 0.350039393817473 0.501850833088834 0.018508863 69954.34876710862 0.1486941104063847 730.0273765420698 4 False 0.4056408807306667 49.430911315210615 -4.2612809137225005 True
0.0816385578363912 383.7297531656311 1.964098191406629 1.1186225210950838 -0.0038361818383337 0.0065511507295993 -0.0220744532171757 2.1244443352021305 1.2099452504805943 11.679139335411543 12.197588545823765 28.8187048306382 1415.4390101732083 1.89435326479944 3.272233270031903 2.1268143351255984 4.34838451353118 0.1121981906335984 2229878438.9838014 1 1.2472393887903532 -3.4419854078771297 0.2093473092923815 0.174240942888823 -1.0 -1.598721532521166 0.0556592223123532 0.3205169302618887 0.6880119729652663 0.069487944 70052.77844888659 0.0816385578363912 383.7297531656311 1 True 0.0990394415534424 51.9413810117494 -0.471264944894795 True
0.1725351613987555 859.4687654331274 1.1793916665367323 1.1236472977572576 -0.0080849969221011 -0.0528855830575628 0.0389381553157812 1.382878198074995 1.3175159656310815 12.194634419268713 12.197588545823765 1054.3924234345914 1382.4524970986708 2.0634051551927115 2.387062019887694 0.5420340028148939 4.226933892582732 1.289117225621401 2235012708.787247 4 1.0781874983970816 -3.235867787387022 0.1600317059300806 0.1677637272175852 -0.7660168433001145 -1.0580152719831966 0.0803513412371928 0.2918091872525554 0.3983364020381944 0.026556944 70112.20286790795 0.1725351613987555 859.4687654331274 4 False 0.3400180689423217 49.89785283870208 -1.1664885118705852 True
0.3093162558349421 1660.529318248869 1.5571481128544695 1.2525009240387666 -0.0223594222092598 -0.0642127189650399 0.029673898333012 2.03879933690306 1.639919820292243 12.106010622617047 12.187249102881072 191.78161446798484 748.0228684214591 0.0366129474449994 4.183581735150454 3.098371320061689 1.2158067889471988 -0.9579378853508804 2220376995.8054347 3 0.0366129474449994 -2.015598090497518 0.2148266053864925 0.2759000979468021 -0.6429522303171823 -1.0244443297099095 0.1472825176713443 0.3817633778684324 0.6988471973198034 0.01151906 69942.80804172957 0.3093162558349421 1660.529318248869 3 True 0.2323036044431273 51.22616325667553 -2.579743424355594 True
0.2123920941665602 1082.8870121321718 1.148864623839073 1.1055285468532658 -0.0278102701871531 -0.0489814049312049 -0.0058092392565608 1.3928743872101312 1.3403340700803452 12.196111482546238 12.199065609101297 1222.2125181975011 1512.080339204968 2.4574387038575627 0.0083871165964463 0.8753572694955757 5.866614397615288 -1.1236591035695147 2223762271.497531 4 0.6841539497322305 -inf 0.1549634874227582 0.2126250638168571 -0.7626953760212057 -0.9590782154036672 0.1245993630949479 0.3298821163589766 0.3436894852617624 0.026413472 69981.98947335106 0.2123920941665602 1082.8870121321718 4 False 0.0925571010925719 -inf -4.217887188489569 True
0.2653706637592361 1392.8259155137644 1.6299179615169437 1.1350812257498957 0.0478135073506143 0.0474770481695058 0.0482966453412403 2.0624503728377963 1.4362984840477926 12.0661299141238 12.197588545823765 139.91128522724622 1306.9596190880056 0.5398722908082189 3.14354706708057 0.9416011943605644 4.988121867732888 -0.9960990257846972 2227795522.3283887 1 0.5398722908082189 -3.108189897385941 0.2013559443542864 0.3095806112232109 -1.0 -1.5003340285050983 0.1131573676003444 0.3999864939583182 0.647488111520006 0.076562196 70028.67061722671 0.2653706637592361 1392.8259155137644 1 True 0.2735753154182279 50.89796660126924 -3.7968700230789008 True
0.1899998675856759 956.303906161412 1.405386427827105 1.205615341538978 -0.0323211981355708 -0.002734944871349 -0.0668099088836569 1.6724096630209615 1.4346820967906433 12.159184900608045 12.191680292713654 373.4554834695367 930.6327917571352 0.4477338197472916 2.2921178873813965 0.2002972793290394 1.892538958697028 -1.0235329735162244 2231752663.966135 4 0.4477338197472916 -2.1706139883699693 0.1924615407477836 0.1987200440102075 -0.7236860635723198 -0.9218390496530224 0.1190227430658654 0.3696065816577554 0.6204386927674886 0.14147873 70074.4708676636 0.1899998675856759 956.303906161412 4 False 0.1058639414671056 50.7067734890383 -3.12432721698914 False
0.1646130322998019 816.1011950153966 1.3717095353695696 1.2914750623853952 0.0289507772826556 0.0047938750873715 0.054608456669091 1.5975108014213069 1.504068688544231 12.168047280273212 12.182817913048488 435.0230838279002 624.1609619849745 1.1695557860732202 6.231454530683351 0.3517960144837052 0.8057237121821955 -0.8278723490229788 2237174925.497844 3 1.1695557860732202 -2.2766285792467853 0.198147000606819 0.2039776412542622 -0.769015686825948 -1.0989718662627448 0.1195052419125382 0.2385928838897074 0.6550871533454353 0.013879744 70137.22852428061 0.1646130322998019 816.1011950153966 3 False 0.4223769745488578 50.48455166015454 -0.4207860047548628 True
0.122041752711285 589.1826035169047 1.7965694060793211 1.200921862536054 0.0179424323127634 -0.0234060499687581 0.0797994278194667 2.015825885264714 1.347484471509255 11.928467660892416 12.193157355991184 66.11140946836025 952.9156641871792 1.866724952118228 6.015026736661241 2.61109887888388 2.68220624547116 0.3793197397175403 2230412989.886078 1 1.2748677014715653 -3.320712342435406 0.2194096805419215 0.1896141140727774 -1.0 -1.521818918057885 0.1424385368864033 0.3243063863211911 0.7189448935931896 0.023158768 70058.9653806259 0.122041752711285 589.1826035169047 1 True 0.1117628397354106 51.80889710495094 -3.7514053343003937 True
0.1329474333440274 646.3133893659814 1.7057991509536476 1.2642006781800912 -0.0052012123155143 0.0036098469650422 -0.0170900664343178 1.9325807698733564 1.4322729135759131 12.0129556361328 12.185772039603544 99.46666870118612 708.7811219957327 0.8383345904063182 2.657500162669031 2.9971007061611004 0.2542083988272067 -0.3867556809377536 2231336991.892478 1 0.8383345904063182 -3.3126626740610496 0.2271298146733221 0.3185290471672521 -1.0 -1.814710200881383 0.077245562536789 0.2234273064293398 0.7367817387750139 0.015395066 70069.65984829258 0.1329474333440274 646.3133893659814 1 True 0.1128991721417567 51.969382405728894 -1.240018678911273 True
0.1106697866660268 530.3586548178018 1.397227893173309 1.3842043643085489 -0.0164249945948167 0.0445950752920958 -0.0780191824819272 1.5518588060346217 1.5373939660087594 12.162139027163102 12.165093153718155 387.2170187250733 410.4501848669796 2.349667442971369 0.0890747750598933 0.2407404896968074 4.408800043066337 -1.499066421492928 2230372179.6415725 3 0.7919252106184241 -2.2772483900784897 0.2107975035627484 0.2068637432486889 -0.7499378214666731 -1.0744773287122786 0.1305714560624334 0.267712773003875 0.7066945410609337 0.124521874 70058.49303983302 0.1106697866660268 530.3586548178018 3 True 0.1154677499920116 51.74176089932673 -3.2978433968231355 True
0.1482203379737164 727.4877958214306 1.867655608102136 1.105443130475248 0.0010219504799762 0.0159833250964974 -0.0242554196869084 2.1444801535535407 1.2692922848850123 11.84161629593959 12.199065609101297 47.2978947326292 1512.410263810718 0.943089087582167 3.082037974094146 0.4649438216422202 1.9038800369585327 0.1372514143775519 2225803411.01706 1 0.943089087582167 -3.3284215693067543 0.2006960827605376 0.1500701424190168 -1.0 -1.8051952050032676 0.0783490732169046 0.2449536251389539 0.6688030724788705 0.0803631 70005.6137733456 0.1482203379737164 727.4877958214306 1 True 0.2921609403377877 51.02897286206 -1.680285214670893 True
0.1752035960777076 874.1552210458804 1.2723138636453477 1.2301160647327132 -0.0120397835308328 -0.03244860554463 0.009069141011557 1.4952278278955349 1.4456368228668428 12.185772039603544 12.190203229436127 681.8914128542013 829.6643787645565 0.8546799811208569 6.11906657420779 2.33888876477467 0.9349422836644156 0.4824521574561042 2232293293.7211647 4 0.8546799811208569 -2.433955068044175 0.1810769734567794 0.2848510015029407 -0.7608943775781956 -1.0493421879319993 0.0633299257546508 0.3180124346770841 0.5664475359187829 0.18325222 70080.72815649497 0.1752035960777076 874.1552210458804 4 False 0.4009627419483865 50.446052581506905 -2.223982348051348 False
0.0967003700717669 459.1613120465684 1.6944383963126983 1.3624628616049457 0.0331697473084732 0.0687789418146829 -0.0111159269168138 1.858291216299948 1.4942135245311825 12.020831524223436 12.16952434355074 104.4480519752756 452.8952153958618 1.3924476565077777 1.5370574646926602 1.3825353749433902 1.0328570218322448 0.0563824691617614 2208719428.237173 1 1.3924476565077777 -3.445784258749272 0.2409958083072081 0.2856671923545195 -1.8731259578913968 -2.33576775745129 0.1283394524175184 0.3767914026920934 0.7754387928174106 0.28125253 69807.88249117098 0.0967003700717669 459.1613120465684 1 True 0.1132622077948833 50.98669674632877 -0.862587673670097 True
0.1427849154684212 698.4443477026198 1.3713004462660208 1.2881985039131587 0.1013975492208075 0.0715989308507533 0.133118482403727 1.5671014645679229 1.4721338184009458 12.168047280273212 12.182817913048488 435.6715098531638 633.6211507354041 0.7592320767654717 2.038557714884461 2.215747147650688 3.09766895005262 1.53353437924518 2210462829.2067947 3 0.7592320767654717 -2.276154699434841 0.1977586508596333 0.1999522456271084 -0.7692800324805658 -1.4219157120000756 0.0981458247951479 0.3363677264495917 0.65323177787582 0.24767348 69828.06074313419 0.1427849154684212 698.4443477026198 3 False 0.1103855724637054 51.98357200642192 -3.674328717394813 True
0.1853421626038434 930.3147112008644 1.559116307944144 1.2548725219872712 0.0097940346188026 0.0427904544014613 -0.0312023656413949 1.848086296209432 1.487453309004531 12.104533559339522 12.187249102881072 189.83862495792232 738.8043382420133 2.7849684112893685 0.9564941077342634 0.0872148294271332 4.835680752202255 0.5785767733441183 2233746788.9925427 3 0.3566242423004248 -2.016969480125864 0.2153248622478502 0.1778871743930098 -0.6438481420012737 -1.042267628966998 0.050905107375487 0.2063001873235805 0.7006403030690299 0.0802307 70097.5510184322 0.1853421626038434 930.3147112008644 3 True 0.1133110065036231 52.07997095678904 -4.465010721745147 True
0.1803147816161427 902.3962246174392 1.356946759559232 1.2088607230449178 0.0642288304345222 0.0656719135340422 0.0626089689415157 1.6016243181738874 1.4268361803250946 12.171001406828267 12.191680292713654 463.77159277830594 917.3899304956216 0.8305877856975757 0.653474668690316 1.7484960216940593 3.394885904961177 -0.3484357963458303 2231877045.996102 3 0.8305877856975757 -2.263711526283361 0.1876468319466201 0.2174706498782215 -0.7558355685400326 -1.0244885597658429 0.0868635798755356 0.2376323341941013 0.5999026167987161 0.100497745 70075.91047449192 0.1803147816161427 902.3962246174392 3 False 0.1251959450324391 51.410813982098 -4.476735750426632 False
0.1811495184246248 907.022131385835 1.3397073061082605 1.3374996868743243 -0.0196461942836386 0.0694573581372205 -0.1088968171808998 1.582394639439723 1.5797871110446946 12.173955533383324 12.175432596660851 502.2400523424056 506.62145047538246 1.9235225298046543 1.4425421894591564 2.758338581548412 3.856332714890895 1.0170457215455515 2225995666.369791 3 1.218070123785139 -2.298626498889562 0.1996453334323854 0.3473733632468231 -0.7440191020237639 -0.887295621392916 0.1236729587926519 0.246799138182611 0.6631289387318863 0.0076365783 70007.83895103924 0.1811495184246248 907.022131385835 3 False 0.1137132208228133 -inf -3.3993425115306946 False
0.2679733057204079 1408.4186211538756 1.33688601238919 1.2993198742417662 0.0068658876832793 0.0322419016847169 -0.0192438015789675 1.6951357765004953 1.647502916130557 12.175432596660851 12.181340849770962 507.6081353221936 602.1110344518937 2.516980253376232 5.077937074447723 2.241432330099977 5.909647626655895 -0.5629198094407907 2227109070.1431594 3 0.6246124002135609 -2.311835368046654 0.1952724312693523 0.2063061177991855 -0.7588651698521027 -0.9932258911722258 0.1259700568631087 0.2519422300017322 0.6432930010157047 0.015216673 70020.72556878657 0.2679733057204079 1408.4186211538756 3 False 0.3598890769298229 50.180035053459854 -2.628554672135791 False
0.1812620242761126 907.645904837539 1.62125577380022 1.2997684763848465 -0.0313683959644129 -0.0079009404798755 -0.0606403381540932 1.915127877228584 1.5353671415046424 12.072038167233911 12.181340849770962 145.43420215692814 601.1383645986035 1.985483784042896 4.689348888071635 3.0308126053389195 5.449948838719437 0.551652425178969 2234471176.3296843 1 1.1561088695468973 -3.315029540033008 0.2288344750837764 0.2935902239586452 -1.4368084935401615 -2.100566090044921 0.1181239679137292 0.3636872822057684 0.7364128803119194 0.30324712 70105.93513113061 0.1812620242761126 907.645904837539 1 True 0.2855064041248839 50.65353391267721 -0.0174384447408399 True
0.2630585159646805 1379.001780360899 1.9878662168246928 1.3172989769652474 0.0128558983560808 0.0418080587348886 -0.030834275649604 2.510791353758921 1.6638256909275173 11.626308481706833 12.178386723215905 25.27528010165252 555.437514385787 2.7875989639439664 3.604059657299729 0.3229505802363044 4.725142574174283 0.1855498860720306 2234509939.684576 1 0.3539936896458269 -3.594842750014237 0.253124450327061 0.3377365666669619 -1.0 -1.432571222696727 0.0737665399289517 0.2667306344044767 0.7942221040848101 0.15622485 70106.38378107148 0.2630585159646805 1379.001780360899 1 True 0.0618764926054344 52.46147436369476 -3.672094075374389 True
0.1228106157716849 593.1874421019338 1.2957703886688752 1.2599106534713915 0.0433527157098301 0.0280426309102717 0.0590985580650934 1.4549047480000152 1.4146410566415188 12.181340849770962 12.187249102881072 612.5596948401785 722.7207734442742 1.7405667367054207 4.002357858648527 0.0335557205211777 3.5414749838549304 -0.2103474500678667 2228855292.1957564 3 1.4010259168843726 -2.373853774456037 0.1867278541875952 0.1881199456575814 -0.7584228000106281 -1.0315544251918478 0.105850753151054 0.2495382914280935 0.5996680238486286 0.059685197 70040.93647217311 0.1228106157716849 593.1874421019338 3 False 0.2582722687219169 50.6921321647347 -2.834880194505645 False
0.1907522994553181 960.5134553850456 1.2131179182133005 1.1149497534057626 -0.042909065263101 -0.0019950868892818 -0.0874254034380362 1.4445229506229362 1.3276289826450518 12.191680292713654 12.197588545823765 898.9703544808185 1441.0083717652803 2.4605621844285626 0.9346745899146331 1.425053290662457 3.088947370670488 -0.9739134787320266 2239953257.7466726 4 0.6810304691612307 -2.8301388127133813 0.1624710289750095 0.2579459499365818 -0.7681591094871524 -0.9034926155289452 0.1283922284255778 0.3847549813761431 0.4216947205563378 0.47317308 70169.38514753093 0.1907522994553181 960.5134553850456 4 False 0.0379925845580535 -inf -2.2683131696646983 True
0.1960999090719733 990.519773997005 1.3014593448043263 1.2551663729482865 -0.0474730603527191 -0.022534479405158 -0.073331424566321 1.5566754039813246 1.501304384553644 12.181340849770962 12.187249102881072 596.5882231964558 738.8814353345055 0.8486154604865116 3.09221189957775 0.8784774580007831 2.270788190892419 0.7371420473237152 2237857713.3926463 3 0.8486154604865116 -2.36814694363567 0.1868167538237571 0.1991953597691328 -0.7620088716936765 -0.9454139095219488 0.0620744105649192 0.2951775651921576 0.5999970542524299 0.02267437 70145.13116195193 0.1960999090719733 990.519773997005 3 False 0.0691802994359227 51.82699548592409 -0.1813063256100564 True
0.1130889394043004 542.8076609281528 1.8953336732512576 1.2863292020779156 0.0019281072420428 -0.0361393906761499 0.058018422648256 2.1096749481765 1.431798807265687 11.801735587446345 12.182817913048488 41.02046138235875 639.100417544562 0.5771828755670472 3.1904985460735644 0.8296314753502575 4.361157111081129 0.0913060961972231 2234528560.744852 1 0.5771828755670472 -3.4866342978820057 0.2405450308971854 0.2660420058027042 -1.0 -1.6221362339945222 0.0920564204402889 0.3082683043177694 0.7727354700993142 0.077015504 70106.59930260245 0.1130889394043004 542.8076609281528 1 True 0.0357199098728208 52.99639566312123 -2.167138728433751 True
0.186780171221243 938.3258977337654 1.313589474288847 1.100477107473098 0.02266047852832 0.0203267921716703 0.0254460937978873 1.5589419412109402 1.306024410031981 12.179863786493437 12.199065609101297 565.0487403788657 1548.8754789718005 1.1527271569462283 3.212523465883712 0.0188643331866666 0.638960528250918 -0.6246499565541571 2224988323.0158544 4 1.1527271569462283 -2.294356794012447 0.1708026787395146 0.3256158941065069 -0.6960321703403103 -1.1077890876999257 0.1015923613421124 0.2763260798290901 0.486878094082503 0.028132247 69996.17988444275 0.186780171221243 938.3258977337654 4 False 0.1656052105421986 51.093397596114045 -0.2134161986629754 True
0.1891988566623353 951.8259671616717 1.495669792842407 1.124620452798211 0.0384035056897078 -0.0003310106674093 0.0899178151721223 1.7786488075925826 1.337397356646711 12.13112069833502 12.197588545823765 251.12364594125967 1375.3173149760446 1.979674908121065 0.4608324954748418 1.1947556080631965 4.325955445654006 0.4039509447562526 2225412462.280054 4 1.1619177454687284 -1.9190136782655305 0.1931920251564909 0.3115666951094119 -0.554706201351899 -0.8270333827095668 0.0862120728019179 0.3898616267815461 0.5997431493031469 0.047374416 70001.08890370432 0.1891988566623353 951.8259671616717 4 False 0.4144898398332891 50.59379056835288 -4.607941522092631 True
0.0999787992298797 475.7642339149993 1.72417896988499 1.1537305874787291 6.721328315248656e-05 0.0262698695822472 -0.0390910351297219 1.8965603129515023 1.2690791862496362 11.998185003357523 12.196111482546238 92.0977754106914 1192.486233617473 0.5387831356552856 4.023802319974202 1.8990644971244208 0.9313227733999208 -0.17315073944793 2232860101.1726418 1 0.5387831356552856 -3.21272066279844 0.207318735450826 0.1558432206594533 -1.0 -1.666375004706504 0.0763745277054354 0.3782663405467147 0.6795713613461271 0.04645104 70087.2884279241 0.0999787992298797 475.7642339149993 1 True 0.0983067708609438 51.95735405647361 -1.1016625226629897 True
0.1987370170361349 1005.3740242802126 1.459555878536587 1.318595754053817 -0.0068172027167843 -0.0334503275753251 0.0226630484000378 1.7496236600345034 1.5806495408909855 12.144414267832769 12.178386723215905 294.81598347359846 552.3385317274391 1.9641479832321485 1.1116510131447008 2.9446599039800265 2.2794317797684 1.0051067152745443 2237156814.183807 3 1.1774446703576449 -2.2059186672668267 0.2106053507435613 0.2671147945514753 -0.764175676683762 -1.1564710894765495 0.1395154247138289 0.2970439378986447 0.7013333634958253 0.078458995 70137.01890259035 0.1987370170361349 1005.3740242802126 3 True 0.1329682209801229 51.6561183566955 -0.0204775403034647 True
0.2135544723637326 1089.5311304784009 1.7394618698721698 1.303883276459989 0.0222750328887955 0.0187143923442782 0.0270251501510739 2.110931731689553 1.582333381588297 11.984891433859778 12.181340849770962 85.40920376427086 590.2096200616088 0.4370028913282084 2.027490997298854 0.5893149093919581 3.919076194122468 -0.3081802386160539 2234803612.813781 1 0.4370028913282084 -3.385529896304797 0.2349083270770413 0.3161690493897477 -1.2328886689191645 -1.863824106833175 0.1478836782592915 0.3921806648659218 0.7600077731012481 0.10487874 70109.78277562246 0.2135544723637326 1089.5311304784009 1 True 0.1939566446283291 51.22046210951358 -4.199392175000959 True
0.1863026264061827 935.6642265601688 1.5978818575022034 1.3080987002263902 0.0351039296260392 0.0141518441337902 0.0606975314537192 1.8955714442416536 1.5518009236770804 12.085331736731662 12.179863786493437 159.96249598283006 578.785869375338 0.2119368723733549 2.333774590795919 2.0648065546037606 1.6443195168165667 -0.3328165313493497 2230988106.265412 1 0.2119368723733549 -3.322255756601075 0.2288916447490866 0.3175638262227858 -1.5567388776232045 -2.3005588952997584 0.0628560837907735 0.2398486969757915 0.7349318832043215 0.081216276 70065.62182020153 0.1863026264061827 935.6642265601688 1 True 0.046608653174257 52.15074804934401 -3.5961319828326466 True
0.1357139009464748 660.9166744630263 1.6341149780817033 1.2392942981715902 -0.0519452557156112 -0.0965689557962139 0.0068948896693246 1.8558870963522345 1.4074837617971805 12.063175787568746 12.1887261661586 136.450140062572 795.3373973871883 0.7200891085935269 4.392906928538179 2.827536440613145 0.2993150397773882 -0.6258692298886904 2229583459.015044 1 0.7200891085935269 -3.233353521506104 0.2203375838590135 0.3215587219146163 -1.0 -2.198906721329824 0.1278421648620873 0.3773223271967183 0.7106155708514192 0.016706219 70049.36432887783 0.1357139009464748 660.9166744630263 1 True 0.33455233574425 51.019140437787705 -4.0234207482165445 True
0.2280660785181804 1173.077681754246 1.422337146988795 1.2929651619616072 0.0635342944179783 0.0868663289525423 0.0378676945669907 1.7467240024332669 1.587846656110815 12.156230774052991 12.182817913048488 347.2902122084113 619.895536824201 0.3926391621876868 5.751408870074469 1.1247446976719546 2.3254952056864098 -1.1360638398241645 2227718491.534676 3 0.3926391621876868 -2.2215471621445078 0.203760165462614 0.1511639914467646 -0.7660089826289889 -1.0934298311495412 0.056496803705492 0.2251430986122546 0.6763168371297823 0.16738622 70027.77905711431 0.2280660785181804 1173.077681754246 3 False 0.3831405794529472 50.77025950510377 -1.4852387613601126 True
0.1052546965294209 502.61984192606906 1.5794857927340695 1.3320163574879813 -0.004081345479676 0.0227049827137024 -0.0358441872669512 1.7457340905208265 1.4722173349676035 12.094194116396828 12.175432596660851 173.61886291271108 519.0926722431147 1.1610518712057607 4.82686973044402 1.835405344405565 5.137589657113677 1.0219211053235402 2239698566.149479 1 1.1610518712057607 -3.3638014987014624 0.23107554993913 0.304066838647507 -1.820835195602185 -2.3508195456647343 0.1380187899398496 0.2407404340206214 0.7406418126324532 0.06446447 70166.43732811896 0.1052546965294209 502.61984192606906 1 True 0.0307395316128602 52.108065990373404 -2.900330796854833 True
0.2308593939557266 1189.2856777116124 1.8690190630858428 1.2612268689153951 0.0870653308829167 0.1025781828297352 0.0640767499019503 2.3004996712815404 1.552392939513882 11.840139232662064 12.187249102881072 46.69710709809842 718.5399316069626 0.7485335366796215 5.3046180416249245 1.4026116296679711 3.959448525853583 0.9327362866244726 2233346309.237821 1 0.7485335366796215 -3.4399594787562857 0.2344320002495202 0.275922402393205 -1.0 -1.7032994193406816 0.1234797347056223 0.3075086751959337 0.7585928386206509 0.015028161 70092.91583608589 0.2308593939557266 1189.2856777116124 1 True 0.0119676901446962 53.89434652929726 -2.482662981406174 True
0.059977412231446 277.7217813608225 1.9022995704800985 1.19619384568338 -0.0909591597200282 -0.0522964729479452 -0.152444188008334 2.016394576006486 1.2679384570746508 11.78991908122612 12.193157355991184 39.6939290850136 973.1616127569838 0.7493072270531477 0.5039824125397289 0.2595775826306081 0.1526165231730957 -1.1493335830975029 2228612795.0926447 1 0.7493072270531477 -3.4191144722373488 0.223571014707513 0.2024023986145086 -1.0 -1.7809428411546593 0.1100740913904975 0.3910333727300365 0.7293701525577952 0.01595096 70038.12979273894 0.059977412231446 277.7217813608225 1 True 0.1253762488060221 51.83003303839139 -0.8619181013046298 True
0.1487239547726164 730.1873955234263 1.7691589562780763 1.4399755457388397 -0.0609366982693822 -0.0577623669622217 -0.0648366927372573 2.0322752728771465 1.6541344036769765 11.956827231586752 12.15032252094288 75.13027957837157 320.43393548748026 0.4280495175902072 2.589912835928554 0.6434963236310475 3.2084038494122376 -0.7608487422147316 2221006815.194081 1 0.4280495175902072 -3.599133789829699 0.2553166277061123 0.3308097765929467 -2.3220892460456763 -2.8487730847460218 0.1129584844257614 0.3500347615892406 0.8121933426953934 0.16425875 69950.09761798705 0.1487239547726164 730.1873955234263 1 True 0.1044497355049411 50.7337846423293 -2.2042580005744288 True
0.1842797151606473 924.403064768864 1.290722853685116 1.1134774275957935 -0.037103203801882 -0.0493561391170153 -0.0228998232536873 1.528576893513547 1.3186687307909566 12.182817913048488 12.197588545823765 627.4424530854536 1453.390536486745 0.2945109904660307 1.5396544765425808 1.067298019520009 4.178840602865894 0.6434300205121014 2227325820.022273 4 0.2945109904660307 -2.387698291217886 0.1700519713121869 0.292183499669234 -0.7293254153627369 -0.916002451938026 0.1329178540602885 0.2020055601135209 0.4833839999914147 0.019323766 70023.23424794298 0.1842797151606473 924.403064768864 4 False 0.4114211689559826 -inf -4.101890990979391 True
0.176847005132245 883.2198366268708 1.333071845945644 1.2144834002207534 0.0226549056542339 0.049152840231794 -0.0064304244166705 1.5688216095272447 1.4292611523326193 12.175432596660851 12.191680292713654 516.8084839308066 892.8688993607582 2.507343347813877 3.695638489583836 1.6750195864696924 2.7610943844945908 -0.4395475520969622 2229156608.292701 3 0.6342493057759163 -2.314176976586449 0.1857508339658899 0.3065092496790377 -0.7661640838831816 -1.394066640422298 0.1103601052209768 0.3763455166160482 0.5912935000278654 0.05370935 70044.42392699885 0.176847005132245 883.2198366268708 3 False 0.0863034709138041 52.07498412382995 -4.618082711247372 True
0.117321685135737 564.6735666982526 1.9145038033834048 1.2864206569832008 -0.0222117031788736 -0.0128900946239861 -0.0360845020453306 2.139116615795124 1.437345696253892 11.77071725861826 12.182817913048488 37.2447893369966 638.7081696161455 1.292449900813558 5.392292091996134 0.4747955446035491 2.021877783746688 -1.0100926554787852 2226523806.425691 1 1.292449900813558 -3.50341547281839 0.241848341152954 0.313608339471837 -1.0 -1.410068893445682 0.0846327859545859 0.2933263943433355 0.7747466623148779 0.21454522 70013.95168316772 0.117321685135737 564.6735666982526 1 True 0.308293123905954 51.02789700010226 -2.715333725757385 True
0.2816381434980508 1490.8332753486352 1.561542015951004 1.2757075086803535 0.0476075508670328 0.0477979623927674 0.0473744758120278 2.0013318103176485 1.6349954030716118 12.103056496061994 12.18429497632602 188.06804928040864 670.8885642404903 2.589589429657458 1.1418533425722832 1.8897738856781143 2.8236637944644167 1.026961344616612 2228145523.1066866 1 0.552003223932335 -3.2547732028556 0.2229002837710947 0.2556623599860119 -1.262962283674908 -2.0060790348059125 0.0941024168192451 0.2740847519497036 0.7114790091298417 0.010300837 70032.72155216073 0.2816381434980508 1490.8332753486352 1 True 0.1488240224241658 51.36737588849584 -3.207545761510646 True
0.2020196899850314 1023.9169647300662 1.8941126987285664 1.1901174251118671 0.013973252536066 -0.0068012441588569 0.047036576515084 2.276760758922422 1.4305445783787505 11.80321265072387 12.193157355991184 41.48516159655574 1001.9253354757076 0.4174204908489059 2.1421230479504487 0.3095466401910702 1.4127674995472377 0.1211897732266531 2219371220.972845 1 0.4174204908489059 -3.406464333536405 0.2217993536270662 0.1649068953321722 -1.0 -1.4798061221287528 0.1432114025967032 0.3412733248079361 0.7251062607320807 0.52828777 69931.16712931533 0.2020196899850314 1023.9169647300662 1 True 0.4255392491758543 50.6386893789928 -1.6113505420013796 True
0.0763973605012343 357.8099839263147 1.3916508869010842 1.2495077042467695 0.0070924675746717 0.0458321683269249 -0.0360542363047213 1.497969341399529 1.3449667947771795 12.163616090440629 12.1887261661586 397.91133681156674 758.684618597537 2.110859482640164 4.83022017814164 2.9144935327550154 6.258397367236706 -0.2420972101289147 2237060744.093634 3 1.0307331709496292 -2.2302217975307106 0.1957632397526129 0.1693208691250768 -0.7604120291807775 -1.2012728651311266 0.1318243946849852 0.2945323170156809 0.6409446003678133 0.030002274 70135.9069802504 0.0763973605012343 357.8099839263147 3 False 0.3380057560841497 50.8090544254371 -1.8831440502548265 False
0.1719468490713102 856.2361569306606 1.3868010505235495 1.233524989864494 0.0846166568522652 0.1248490835599966 0.0393850060289423 1.6252571214498568 1.4456257251224136 12.165093153718155 12.190203229436127 405.609890844562 817.0845618820264 2.821664539238121 4.467661232625389 2.0794997787207965 2.442915776291393 -0.9411549354950968 2229685375.6260552 3 0.319928114351672 -2.2265021027543708 0.1935039760108569 0.2496519742174063 -0.7549526363576293 -1.182729145283313 0.1085248964500415 0.2383360833147808 0.6295738029597867 0.8382476 70050.54391928305 0.1719468490713102 856.2361569306606 3 False 0.1140177912182041 51.74051469677756 -4.588494662523463 False
0.1213460681068251 585.5619491485129 1.2664306621689012 1.1647948522152056 -0.0198328180304921 -0.0245859826019411 -0.0146649094119316 1.4201070435530203 1.3061381276825912 12.185772039603544 12.194634419268713 700.2921892540724 1130.4389296825132 2.866379549522147 1.623451884860063 2.649191618967999 3.988595900152273 0.7253093057707379 2233881561.619835 4 0.2752131040676459 -2.48981591501273 0.1734063707954499 0.3259176867639344 -0.7683174173706077 -0.9863125968216137 0.0767672352705776 0.2718843937642324 0.5127402281241219 0.024068482 70099.11088680364 0.1213460681068251 585.5619491485129 4 False 0.1259892845663495 51.05965825903217 -3.0671072241234194 False
0.2896233698056503 1539.414582957331 1.4152298505456753 1.3704279742397598 0.0812516196275709 0.0410280837284233 0.1227901388120968 1.8251134889102607 1.76733594221501 12.157707837330518 12.168047280273212 358.2176440673037 436.4645454601536 0.1695518824198855 0.3708491248311896 2.5661293988811784 3.167197128084722 -0.6270475818173485 2235434083.715595 3 0.1695518824198855 -2.270102576452796 0.2112665667827666 0.2269758812976572 -0.7618775121120073 -1.0761792285731986 0.0975688586672983 0.23617849957042 0.7078775256343841 0.069234975 70117.0798925416 0.2896233698056503 1539.414582957331 3 True 0.21617888294148 51.23827731695116 -2.948296264470629 True
0.2208351873445244 1131.3097499739845 1.5323562754870472 1.163471287661786 -0.005382434278173 -0.0198228638208948 0.0136364130841787 1.870754460662787 1.4204066874425514 12.11635006555974 12.196111482546238 213.24791362175463 1137.6146809991185 0.7869761716809769 2.157908774516585 3.0615569932178746 0.3704338426151012 -0.2796005376330556 2239965987.92911 4 0.7869761716809769 -1.9193270322429 0.20203048251889 0.2585070561393219 -0.5664777454277896 -0.7312851224254048 0.0904040499815057 0.2381181783400228 0.6399223915209686 0.018443637 70169.53248760544 0.2208351873445244 1131.3097499739845 4 False 0.296415196120617 50.427762132179936 -1.1045834356641415 False
0.1759547368814365 878.296460180576 1.483116940821973 1.1053810981540553 -0.0140059512403977 -0.0118397693254385 -0.0169123706647422 1.7440783919087046 1.2998781384334654 12.136171654258542 12.199065609101297 264.8791481068441 1512.4888715699624 2.070753733883936 5.109805242279824 2.219725853105201 3.0087295344673786 -0.0490855084093667 2222335752.0545006 4 1.0708389197058572 -1.912728980492185 0.1894205814768886 0.3442947841952505 -0.5444923701483763 -1.1052108421101976 0.0935608805506955 0.3337681452625686 0.5798823209468197 0.039529677 69965.4788316493 0.1759547368814365 878.296460180576 4 False 0.0986077659312373 52.130262054663575 -1.217966462637361 False
0.0690742376983567 321.8816732231522 1.3497435099816406 1.2828186018626004 0.0437314111165679 0.0209378440194365 0.0677141232584203 1.4429760140219263 1.3714283188915313 12.172478470105794 12.18429497632602 478.77726777589726 650.2967952702709 0.3060283242785908 4.685646891654929 0.8660215835935183 4.676822056035936 0.2848665782571187 2239129166.304215 3 0.3060283242785908 -2.299823072239484 0.1948775312913285 0.3287853529223228 -0.7670402428553358 -0.9911051927528612 0.0659623445614125 0.2911570882440358 0.6406639453768079 0.09814946 70159.84705213211 0.0690742376983567 321.8816732231522 3 False 0.1353414061547311 51.444866652829546 -3.931956437479968 False
0.1709661513720711 850.8517892213472 1.654742109313861 1.313250290024222 -0.0136523049155983 -0.00402010442016 -0.0257892203887802 1.9376469992565548 1.5377716378979194 12.049882218070996 12.179863786493437 125.27021563039268 565.6841555259454 1.4938672010545233 5.154739818710745 2.4476346202414705 5.944517489764944 -0.7632830535932165 2230399659.5924253 1 1.4938672010545233 -3.350565669333352 0.2322735537973749 0.2767587945460664 -1.5071037529370117 -1.9749125097557625 0.13896976336366 0.2741536498373556 0.7490220603141454 0.011436851 70058.81109481974 0.1709661513720711 850.8517892213472 1 True 0.2398417680535509 50.65589551621706 -4.371385150754508 True
0.1722294640157529 857.7888049202546 1.3326331638746751 1.305559296064729 -0.0035434931348174 -0.007023026907406 8.197021386485401e-06 1.5621518594184274 1.5304150738667412 12.175432596660851 12.179863786493437 518.5152432406945 585.7241720874989 0.6780899373646907 4.94642032841961 0.1498969685092127 2.15256449163666 0.0264990813590694 2228607337.659273 3 0.6780899373646907 -2.3138294842730875 0.1954999410649762 0.3349385287422574 -0.7548782616556149 -0.9555490923318504 0.0902486976044631 0.2051370660102835 0.6443322479920335 0.026845066 70038.06662800084 0.1722294640157529 857.7888049202546 3 False 0.1628009366956035 51.10343181528926 -3.854863467422261 False
