 redshift luminosity_distance mass_1_source mass_2_source chi_eff chi_1 chi_2 mass_1 mass_2 radius_1 radius_2 lambda_1 lambda_2 theta_jn phase psi ra dec geocent_time prompt_collapse inclination_EM log10_mej_dyn v_ej_dyn Ye_dyn log10_mdisk log10_mej_wind v_ej_wind Ye_wind chi_BH Ebv trigger_time redshift.1 luminosity_distance.1 prompt_collapse.1 has_grb thetaCore log10_Ekin_iso log10_n0 afterglow_detected snr
0 0.0973481852422767 462.43685085786433 1.8103911977083569 1.3772551895199532 0.0490627017963826 0.107756066854489 -0.0280892684946971 1.9866294953838568 1.5113284828352287 11.913992396538449 12.166570216995686 62.10405083954167 424.19192702602703 2.0929646217481737 3.814341505229309 0.6109441177100492 4.031714774328658 -0.6194067288849439 2210689253.5552206 1 1.0486280318416197 -3.5247982129326187 0.2496228139858238 0.2123451252428076 -1.655317852268349 -2.0770057617907938 0.0866886886319062 0.3346681463230254 0.7978411437695909 0.29423192 69830.68139531506 0.0973481852422767 462.43685085786433 1 True 0.1459464046503555 51.10672376419603 -4.512163731110157 True 124.263
1 0.0909826071457512 430.3618239922296 1.4255935923250185 1.3348930632649008 0.0077490149746663 -0.0201475112340339 0.0375409961495346 1.555297814085026 1.4563451144215198 12.15475371077546 12.175432596660851 341.45783556312216 512.6026666416016 0.4405443278847699 0.6631384375354594 0.1134709641190926 3.5650160078951214 -0.1916180817415016 2217230239.699425 3 0.4405443278847699 -2.2472352278773164 0.2086029957943381 0.1674355206979547 -0.7703218638886713 -1.1730556709888131 0.1215050747090166 0.350136491664755 0.6969017841285802 0.062120058 69906.38725346557 0.0909826071457512 430.3618239922296 3 True 0.2380610010167275 51.3049171592303 -4.192394328010925 True 152.282
2 0.3692323762035379 2040.0342810914708 1.3612148135154083 1.340060339578852 -0.0073709220394608 0.0389174961479947 -0.0543900589171051 1.8638193936331584 1.834854003017672 12.16952434355074 12.173955533383324 454.7308704651748 501.0479109741033 0.0766644072552168 1.8026777873810584 2.527596336517981 0.7477219267478142 0.6060086405570477 2226771267.176313 3 0.0766644072552168 -2.288343644209168 0.2022278557764383 0.3217754882587608 -0.7526038913739418 -1.1898580128439766 0.1327895605302808 0.389064522821232 0.6739004807561969 0.092007235 70016.81581222585 0.3692323762035379 2040.0342810914708 3 False 0.0110972644233811 53.99916539313775 -3.0441889503801662 False 21.844
3 0.2015416519188576 1021.213050995796 1.4357864938274925 1.2440575790348032 0.014084073666613 -0.0870739585608745 0.1308321557988546 1.72515727559627 1.4947869985956523 12.151799584220408 12.1887261661586 326.2886319457921 777.3890995922687 2.909035715292783 1.633021532146868 2.980252875321697 6.095641892961814 -0.7112333392616429 2228853120.290215 4 0.2325569382970101 -2.1603887031182865 0.1999715542822036 0.2876055461040226 -0.7339839274747575 -1.284167589211524 0.0743593868823339 0.2634868314129774 0.6557989608811822 0.015557873 70040.9113343775 0.2015416519188576 1021.213050995796 4 False 0.0469038099765245 52.76202696794893 -3.846438292567532 False 37.445
4 0.2287267781814614 1176.9076830686338 1.715766007242029 1.2134905012938138 -0.0119724741678615 -0.0514867952455299 0.0438972082334639 2.1082076381917685 1.4910482740085544 12.005570319745166 12.191680292713654 95.00977003682964 896.777717922952 0.3396482784576986 2.2383572241323324 0.1047867351962221 2.6346904867788834 0.337879279802491 2222245186.152582 1 0.3396482784576986 -3.262961417432215 0.218765925420698 0.2635288578069227 -1.0 -1.497134701703612 0.0698160748028405 0.3133866100440627 0.7130527497732561 0.025825318 69964.43061519193 0.2287267781814614 1176.9076830686338 1 True 0.2796308725645389 51.08172595993272 -4.016522179810141 True 35.802
5 0.135612245490427 660.3792790578775 1.4280047385565322 1.2094416414345848 -0.0547399800585213 -0.063749313822446 -0.0441025331033615 1.6216596677231536 1.3734567382191567 12.153489188952443 12.191680292713654 337.6635603302862 914.1660301332864 1.210095347348531 5.579129544442316 2.4012348975548816 4.727051229768162 -0.525371235336775 2232734370.6089435 4 1.210095347348531 -2.1360006290671176 0.195332060167403 0.2722249036376281 -0.7094120061383805 -1.3653508290589058 0.1218668055171703 0.3189595500521488 0.6323195718304595 0.62595606 70085.83321306648 0.135612245490427 660.3792790578775 4 False 0.0997289254265835 52.16717655065364 -3.98631902891685 False 29.205
6 0.4346125078773794 2471.93828002822 1.98313439456142 1.2224839953916065 0.0038981206461544 -0.0252815919579356 0.051233948278034 2.845029407239647 1.753790830468711 11.637781563640766 12.190203229436127 25.851976062093488 860.663334706715 2.9330398827633952 4.290092417329687 2.2122937370811573 3.1979981868456573 -1.4909746254933298 2221681901.029582 1 0.2085527708263979 -3.5167641928227056 0.2348054084553115 0.2047145398237702 -1.0 -1.707735878497094 0.068758784240461 0.3010808801349466 0.750890219867819 0.13123272 69957.91111145349 0.4346125078773794 2471.93828002822 1 True 0.3127709300599521 51.1044201375866 -1.599294789964898 True 38.893
7 0.1017627996476664 484.8263702662004 1.872115128643581 1.3397037766459516 -0.0144790470410507 -0.0468077924405268 0.0306974572037531 2.0626268053971035 1.4760357836559956 11.83570804282948 12.173955533383324 46.19704259109219 502.2491177802409 0.8087943444908596 1.5396522985441643 0.0354994392513132 1.3726099162841152 0.5034079048422394 2227993220.9756126 1 0.8087943444908596 -3.5214699919255263 0.2479190579011647 0.2514952652335586 -1.156360781646124 -1.5644150672022992 0.0922811381558417 0.2630711190322775 0.7917365510819042 0.5569082 70030.95879601403 0.1017627996476664 484.8263702662004 1 True 0.0865830006341327 52.017051776958645 -4.929498038199175 False 62.863
8 0.2825677652063561 1496.4731160721428 1.4838607240908386 1.2587919085304484 0.0651996007341768 0.107184603837348 0.0157077850627856 1.903151932774672 1.614485924983741 12.1355518881676 12.187249102881072 264.8859565983937 725.8133362506867 2.357745173475548 2.183699790190006 1.2159404429609308 2.385865643706 -0.4937667487123048 2233707047.634541 2 0.7838474801142452 -2.112241561650489 0.2069417132993759 0.2026439902338235 -0.7116871091429902 -1.050665762556148 0.0621973151857468 0.2502151092186983 0.6805386734277529 0.16599375 70097.0910490109 0.2825677652063561 1496.4731160721428 2 True 0.048641714804348 52.68298531698983 -0.7182136271136654 True 21.522
9 0.0683506011163368 318.34968768610224 1.4992944187625428 1.2046306341088655 -0.0131615806785013 -0.0474904289693516 0.0295644211246095 1.6017720935353317 1.286967862073361 12.129682990944811 12.191680292713654 247.85937071764133 935.561712247588 1.882172137988496 2.786611942884909 0.9267662253262796 1.2403518998878216 0.5528783360768296 2234809185.791789 3 1.2594205156012972 -2.021493128794892 0.2027991544097802 0.2878464959659916 -0.6409078822365805 -0.8651654126274627 0.0646358380316312 0.269881170346912 0.6552070397843515 1.6201366 70109.84727768274 0.0683506011163368 318.34968768610224 3 False 0.1013269916212775 51.9278213314796 -3.7058117103511625 False 77.109
10 0.2624368335804627 1375.289329117741 1.79617093676652 1.1555611358594964 0.0431868210545444 0.0547300561910029 0.0252443489299973 2.26755234998078 1.4588229413631055 11.928763029313725 12.196111482546238 66.36161294577326 1182.5751952571711 0.2699180205184449 2.6518693790822745 2.152619415166944 4.165398054571139 -0.5718211476607771 2219521614.074266 1 0.2699180205184449 -3.284078955033768 0.209925001304704 0.2114319669095741 -1.0 -1.4706640418100845 0.0695213541289415 0.3907975024486391 0.6924040443733223 0.23908205 69932.90779021141 0.2624368335804627 1375.289329117741 1 True 0.3764607397083608 50.77205056374352 -0.576970481304576 True 31.098
11 0.2718212299878962 1431.533292538758 1.693144716245738 1.1908759868008187 0.0418520379371951 0.0446555879273233 0.0378660512306629 2.153377395563162 1.5145813622960669 12.0232950790755 12.193157355991184 105.03447929570254 997.8729424369296 0.6100467233734486 5.283275708162964 1.944287626575525 4.286635730008068 -0.0525976123224851 2218005799.689271 1 0.6100467233734486 -3.220696489132412 0.2138333562220776 0.2301844414236452 -1.0 -1.5976846528970878 0.0598346499083803 0.2600084778176492 0.6963297696531119 0.21592325 69915.36364223693 0.2718212299878962 1431.533292538758 1 True 0.32827098691063 50.93622785149416 -3.5330021200410178 True 25.221
12 0.1440142307923393 704.9981486492375 1.1789217423251763 1.1730758876788074 0.0379874584169273 0.0439114964937952 0.0320338987499553 1.3487032502105014 1.3420155093039114 12.194634419268713 12.194634419268713 1057.511841252457 1086.5778356036128 2.3778873147940978 3.9991402056377288 0.5783374496661762 6.251048956092814 -0.5920702160131024 2230253357.453552 4 0.7637053387956955 -2.878458949347849 0.1652730974674836 0.2269901189204188 -0.7454260677270256 -1.0204633002748758 0.0585888707883443 0.3503228689056094 0.448466190753402 0.010228317 70057.11778302722 0.1440142307923393 704.9981486492375 4 False 0.1891007218142102 50.97146708578244 -0.225470252319365 False 37.78
13 0.4665425143904971 2689.1815191503533 1.4876825063055972 1.2592737621998538 0.0046962531840484 0.0224198550835315 -0.0162420791199014 2.181749643412167 1.8467785095225544 12.134074824890074 12.187249102881072 259.80976987165167 723.9597949175518 2.9781407206332084 4.584274165397453 0.4012461252144252 4.807514819149027 -0.7214377805643981 2233362561.305828 2 0.1634519329565846 -2.1080412414180345 0.2074288259640426 0.3095130683793788 -0.7091493526832574 -1.210179555477449 0.1112543025270211 0.2215665258396657 0.682090475007332 0.09582688 70093.10393872486 0.4665425143904971 2689.1815191503533 2 True 0.3540252880395979 51.10604055291312 -4.068281800550241 True 44.217
14 0.0816385578363912 383.7297531656311 1.964098191406629 1.1186225210950838 -0.0038361818383337 0.0065511507295993 -0.0220744532171757 2.1244443352021305 1.2099452504805943 11.679139335411543 12.197588545823765 28.8187048306382 1415.4390101732083 1.89435326479944 3.272233270031903 2.1268143351255984 4.34838451353118 0.1121981906335984 2229878438.9838014 1 1.2472393887903532 -3.4419854078771297 0.2093473092923815 0.174240942888823 -1.0 -1.598721532521166 0.0556592223123532 0.3205169302618887 0.6880119729652663 0.069487944 70052.77844888659 0.0816385578363912 383.7297531656311 1 True 0.0990394415534424 51.953772655811136 -0.471264944894795 True 95.041
15 0.3093162558349421 1660.529318248869 1.5571481128544695 1.2525009240387666 -0.0223594222092598 -0.0642127189650399 0.029673898333012 2.03879933690306 1.639919820292243 12.106010622617047 12.187249102881072 191.78161446798484 748.0228684214591 0.0366129474449994 4.183581735150454 3.098371320061689 1.2158067889471988 -0.9579378853508804 2220376995.8054347 3 0.0366129474449994 -2.015598090497518 0.2148266053864925 0.2759000979468021 -0.6429522303171823 -1.0244443297099095 0.1472825176713443 0.3817633778684324 0.6988471973198034 0.01151906 69942.80804172957 0.3093162558349421 1660.529318248869 3 True 0.2323036044431273 51.45984015537356 -2.579743424355594 True 51.456
16 0.3540058159033648 1942.061762241691 1.4622338630222758 1.2507099246528302 0.0177146682417644 0.0373635210762303 -0.0052572594752658 1.9798731547430053 1.693468511987991 12.142937204555242 12.187249102881072 291.19057944132925 754.0929752843857 0.6071401319317687 3.535151305225688 1.512987920579422 5.616681781052535 -0.3968312853863975 2237229682.578487 2 0.6071401319317687 -2.1307527137129854 0.2036414417097367 0.3203543938732663 -0.720827353393655 -1.349275787532994 0.0992319102490454 0.3864151486385106 0.668965417014094 0.04895355 70137.86228678805 0.3540058159033648 1942.061762241691 2 True 0.2632807760557755 51.33501462762629 -4.951931435820915 True 18.709
17 0.499349716745139 2916.476234232341 1.95206494311079 1.2855323358020383 0.0267570186895326 0.0582795304796879 -0.0211095253643498 2.926828019521279 1.9274625435515031 11.702772347851988 12.182817913048488 30.81081797359412 642.1699841343112 0.5628234531600841 4.3779180794901205 2.4694102090470764 1.97992414012778 -0.1974187702236501 2222582481.9703383 1 0.5628234531600841 -3.535053829469695 0.2444576974839957 0.1896109246547828 -1.0 -1.443043270733496 0.0997023699792207 0.3782697003322107 0.7779121455738539 0.30774662 69968.3345019715 0.499349716745139 2916.476234232341 1 True 0.3395888030509862 50.96480684840155 -1.1648855509890037 True 15.055
18 0.1106697866660268 530.3586548178018 1.397227893173309 1.3842043643085489 -0.0164249945948167 0.0445950752920958 -0.0780191824819272 1.5518588060346217 1.5373939660087594 12.162139027163102 12.165093153718155 387.2170187250733 410.4501848669796 2.349667442971369 0.0890747750598933 0.2407404896968074 4.408800043066337 -1.499066421492928 2230372179.6415725 3 0.7919252106184241 -2.2772483900784897 0.2107975035627484 0.2068637432486889 -0.7499378214666731 -1.0744773287122786 0.1305714560624334 0.267712773003875 0.7066945410609337 0.124521874 70058.49303983302 0.1106697866660268 530.3586548178018 3 True 0.1154677499920116 51.95441935043994 -3.2978433968231355 True 102.236
19 0.1752035960777076 874.1552210458804 1.2723138636453477 1.2301160647327132 -0.0120397835308328 -0.03244860554463 0.009069141011557 1.4952278278955349 1.4456368228668428 12.185772039603544 12.190203229436127 681.8914128542013 829.6643787645565 0.8546799811208569 6.11906657420779 2.33888876477467 0.9349422836644156 0.4824521574561042 2232293293.7211647 4 0.8546799811208569 -2.433955068044175 0.1810769734567794 0.2848510015029407 -0.7608943775781956 -1.0493421879319993 0.0633299257546508 0.3180124346770841 0.5664475359187829 0.18325222 70080.72815649497 0.1752035960777076 874.1552210458804 4 False 0.4009627419483865 50.54749222458124 -2.223982348051348 False 30.618
20 0.1853421626038434 930.3147112008644 1.559116307944144 1.2548725219872712 0.0097940346188026 0.0427904544014613 -0.0312023656413949 1.848086296209432 1.487453309004531 12.104533559339522 12.187249102881072 189.83862495792232 738.8043382420133 2.7849684112893685 0.9564941077342634 0.0872148294271332 4.835680752202255 0.5785767733441183 2233746788.9925427 3 0.3566242423004248 -2.016969480125864 0.2153248622478502 0.1778871743930098 -0.6438481420012737 -1.042267628966998 0.050905107375487 0.2063001873235805 0.7006403030690299 0.0802307 70097.5510184322 0.1853421626038434 930.3147112008644 3 True 0.1133110065036231 52.115923959280295 -4.465010721745147 True 91.029
21 0.0677686218287043 315.5115083102442 1.304869460571409 1.1785501188809973 0.0056041212497596 0.052883139216086 -0.0467423557321799 1.3932986655806985 1.2584188361936182 12.181012519705384 12.194634419268713 587.6417768571574 1058.263633828172 1.8235100151085968 2.556896702806037 0.6346027577128861 2.626525788682262 0.9217565163149132 2215938634.43001 4 1.3180826384811966 -2.370742302077874 0.1788569890700904 0.2727345566601613 -0.7629377368769568 -0.9864191432514884 0.1084039613906766 0.233391564536398 0.5492566502818649 0.0078058983 69891.43811840289 0.0677686218287043 315.5115083102442 4 False 0.1073921811946495 51.54804609888362 -2.378896708840495 False 40.095
22 0.2182406785114855 1116.3897708559705 1.68862240589805 1.1885379800895983 -0.0545470317986928 -0.0832024471701243 -0.0138346799368979 2.0571485055109378 1.447925315301023 12.026249205630553 12.193157355991184 107.2225885312546 1009.3426666812016 0.2514327537393591 1.92305744729768 2.927752791765998 1.2705594695815454 0.0047580553025455 2234919439.635321 1 0.2514327537393591 -3.214315705767798 0.2132640612061875 0.1796573904395233 -1.0 -1.5295045936277618 0.1016101690122764 0.2144732520357492 0.6940942863221721 0.09274444 70111.12336383473 0.2182406785114855 1116.3897708559705 1 True 0.293472742086102 50.973708600438165 -3.84418507446159 True 66.124
23 0.1130889394043004 542.8076609281528 1.8953336732512576 1.2863292020779156 0.0019281072420428 -0.0361393906761499 0.058018422648256 2.1096749481765 1.431798807265687 11.801735587446345 12.182817913048488 41.02046138235875 639.100417544562 0.5771828755670472 3.1904985460735644 0.8296314753502575 4.361157111081129 0.0913060961972231 2234528560.744852 1 0.5771828755670472 -3.4866342978820057 0.2405450308971854 0.2660420058027042 -1.0 -1.6221362339945222 0.0920564204402889 0.3082683043177694 0.7727354700993142 0.077015504 70106.59930260245 0.1130889394043004 542.8076609281528 1 True 0.0357199098728208 53.01782736477921 -2.167138728433751 True 132.601
24 0.0999787992298797 475.7642339149993 1.72417896988499 1.1537305874787291 6.721328315248656e-05 0.0262698695822472 -0.0390910351297219 1.8965603129515023 1.2690791862496362 11.998185003357523 12.196111482546238 92.0977754106914 1192.486233617473 0.5387831356552856 4.023802319974202 1.8990644971244208 0.9313227733999208 -0.17315073944793 2232860101.1726418 1 0.5387831356552856 -3.21272066279844 0.207318735450826 0.1558432206594533 -1.0 -1.666375004706504 0.0763745277054354 0.3782663405467147 0.6795713613461271 0.04645104 70087.2884279241 0.0999787992298797 475.7642339149993 1 True 0.0983067708609438 51.97732977978635 -1.1016625226629897 True 65.725
25 0.1863026264061827 935.6642265601688 1.5978818575022034 1.3080987002263902 0.0351039296260392 0.0141518441337902 0.0606975314537192 1.8955714442416536 1.5518009236770804 12.085331736731662 12.179863786493437 159.96249598283006 578.785869375338 0.2119368723733549 2.333774590795919 2.0648065546037606 1.6443195168165667 -0.3328165313493497 2230988106.265412 1 0.2119368723733549 -3.322255756601075 0.2288916447490866 0.3175638262227858 -1.5567388776232045 -2.3005588952997584 0.0628560837907735 0.2398486969757915 0.7349318832043215 0.081216276 70065.62182020153 0.1863026264061827 935.6642265601688 1 True 0.046608653174257 52.16328235308551 -3.5961319828326466 True 84.645
26 0.4319173927042455 2453.786006683443 1.722164862692236 1.1972371404979685 -0.0129935571986913 -0.0080884690010951 -0.0200492776207901 2.465997819993132 1.714344684670537 11.999662066635056 12.193157355991184 92.45516534474044 968.9379189149348 3.0387975667972884 2.6117693216975937 1.370180919283992 4.162227820100866 -1.3495771120559992 2227334155.8532147 1 0.1027950867925046 -3.25140051919653 0.2159643241212261 0.2845238296586945 -1.0 -1.908579781270896 0.1080656016976021 0.382007253964048 0.7052053657094919 0.07909636 70023.33072746776 0.4319173927042455 2453.786006683443 1 True 0.3403838167564582 51.014679146206966 -3.540760900775326 True 44.468
27 0.0726175413156337 339.22365969091425 1.330618137467737 1.312770118718377 0.0530846223535232 0.0746566255131113 0.0312193328741418 1.4272443550406322 1.4081002570523382 12.176909659938378 12.179863786493437 523.0043167948202 566.316812285067 2.5491573028121746 5.973916277455338 0.8673216806689271 1.232448920282724 -0.5630834974671257 2219103065.5004425 3 0.5924353507776187 -2.3130072631327354 0.1960277641785666 0.1655316663601242 -0.7510161616633652 -1.0498942857055815 0.1165639093722953 0.3827879858082793 0.6470501152246395 0.01918661 69928.06347801437 0.0726175413156337 339.22365969091425 3 False 0.1039214865809292 51.90722691042119 -3.705519721316632 False 229.002
28 0.059977412231446 277.7217813608225 1.9022995704800985 1.19619384568338 -0.0909591597200282 -0.0522964729479452 -0.152444188008334 2.016394576006486 1.2679384570746508 11.78991908122612 12.193157355991184 39.6939290850136 973.1616127569838 0.7493072270531477 0.5039824125397289 0.2595775826306081 0.1526165231730957 -1.1493335830975029 2228612795.0926447 1 0.7493072270531477 -3.4191144722373488 0.223571014707513 0.2024023986145086 -1.0 -1.7809428411546593 0.1100740913904975 0.3910333727300365 0.7293701525577952 0.01595096 70038.12979273894 0.059977412231446 277.7217813608225 1 True 0.1253762488060221 51.853295466941766 -0.8619181013046298 True 142.041
29 0.1436797462815958 703.2140614843532 1.853421413277001 1.2883723911862464 -0.0524720991551004 -0.0821952833929027 -0.0097130439983863 2.119720531689518 1.4734854094680994 11.86081811854745 12.182817913048488 50.35911782502542 633.1815870982834 2.437009936035572 3.727622628966498 2.067786523426364 2.7300807760052064 -0.1916360330731404 2211099652.946998 1 0.7045827175542213 -3.453276378467591 0.2383464681665636 0.2310283398749972 -1.0 -2.591060166957586 0.0893530235147409 0.3336377350277668 0.7689538896550311 0.052573245 69835.43138827544 0.1436797462815958 703.2140614843532 1 True 0.4131740675602982 50.971634165464295 -3.880230545095042 True 86.209
30 0.1842797151606473 924.403064768864 1.290722853685116 1.1134774275957935 -0.037103203801882 -0.0493561391170153 -0.0228998232536873 1.528576893513547 1.3186687307909566 12.182817913048488 12.197588545823765 627.4424530854536 1453.390536486745 0.2945109904660307 1.5396544765425808 1.067298019520009 4.178840602865894 0.6434300205121014 2227325820.022273 4 0.2945109904660307 -2.387698291217886 0.1700519713121869 0.292183499669234 -0.7293254153627369 -0.916002451938026 0.1329178540602885 0.2020055601135209 0.4833839999914147 0.019323766 70023.23424794298 0.1842797151606473 924.403064768864 4 False 0.4114211689559826 50.28386580583832 -4.101890990979391 True 35.509
31 0.0763973605012343 357.8099839263147 1.3916508869010842 1.2495077042467695 0.0070924675746717 0.0458321683269249 -0.0360542363047213 1.497969341399529 1.3449667947771795 12.163616090440629 12.1887261661586 397.91133681156674 758.684618597537 2.110859482640164 4.83022017814164 2.9144935327550154 6.258397367236706 -0.2420972101289147 2237060744.093634 3 1.0307331709496292 -2.2302217975307106 0.1957632397526129 0.1693208691250768 -0.7604120291807775 -1.2012728651311266 0.1318243946849852 0.2945323170156809 0.6409446003678133 0.030002274 70135.9069802504 0.0763973605012343 357.8099839263147 3 False 0.3380057560841497 50.98534114632452 -1.8831440502548265 False 68.985
32 0.1653775038721231 820.270766081778 1.88928937742561 1.3151149692051118 -0.0074548677327055 -0.0362808253249456 0.0339563980108952 2.201735338756375 1.5326054001171174 11.810597967111509 12.178386723215905 42.41247499296839 561.1231992875333 2.5242825317470974 1.635229588329735 2.1207944539818366 2.744671216599509 -1.106170226392822 2210344149.928726 1 0.617310121842696 -3.5090434861766853 0.2450762662300525 0.18 -1.0 -1.6529368340337522 0.1388287224725457 0.3446459978141034 0.7840610807746636 0.47378236 69826.68714037878 0.1653775038721231 820.270766081778 1 True 0.270565839203736 51.270663433645815 -1.024120690461448 True 104.436
33 0.1138040917370446 546.4945542774043 1.451692845000402 1.2556068884868896 0.000914704288205 0.0176062386112331 -0.0183835180861709 1.6169014307068392 1.3985000900099167 12.14644579112579 12.187249102881072 305.2076259489989 736.792300825683 0.8981826472050849 1.93637365606875 0.8599085152136479 2.327985751992437 -0.3943599759815035 2210639750.3304224 3 0.8981826472050849 -2.1504110015898283 0.2029906459797411 0.2823919171109544 -0.7323681342022155 -1.3432128304534934 0.1304740928657761 0.2472093051530425 0.667881183394999 0.19135128 69830.10844132434 0.1138040917370446 546.4945542774043 3 True 0.0989982913862282 52.18545215884503 -2.5975489198369632 True 50.847
34 0.3791025799103141 2104.082456035814 1.7681781800840677 1.1283588732528735 0.0105897808461697 0.0242211532428907 -0.0107710608220473 2.4384990898950614 1.556122633167733 11.95830429486428 12.197588545823765 75.17569070534321 1350.7083640481096 2.453083669141165 2.1791437656086683 1.911803161527549 2.2289617811098883 0.296244532446737 2215076174.251415 1 0.6885089844486281 -3.236247806312587 0.2029257816605646 0.3022119079389356 -1.0 -1.5277427162206985 0.0908738982187827 0.3365331077776399 0.6705405456081148 0.030582564 69881.4559404099 0.3791025799103141 2104.082456035814 1 True 0.35993134237105 50.75281966118913 -3.050737890645089 True 20.8
35 0.4280265508328761 2427.631726715068 1.4127565496140926 1.3682381717484575 0.0074104587732463 -0.0183068716566981 0.0339645542178027 2.017453862711968 1.9538804371198304 12.157707837330518 12.168047280273212 361.6360644353354 441.22453078910274 2.816254878078729 2.690436529503697 1.641405285727021 0.241651401067295 0.2085431001400699 2226832902.837751 3 0.325337775511064 -2.270211527504429 0.2107784344052339 0.3094458030134781 -0.7617358660546035 -1.0128708597990046 0.0511866224481621 0.3718973911337491 0.7061244490044692 0.050400075 70017.52918793693 0.4280265508328761 2427.631726715068 3 True 0.2843306983923299 51.07510212048594 -4.456313248077547 True 24.111
