 redshift luminosity_distance mass_1_source mass_2_source chi_eff chi_1 chi_2 mass_1 mass_2 radius_1 radius_2 lambda_1 lambda_2 theta_jn phase psi ra dec geocent_time prompt_collapse inclination_EM log10_mej_dyn v_ej_dyn Ye_dyn log10_mdisk log10_mej_wind v_ej_wind Ye_wind chi_BH Ebv trigger_time has_grb thetaCore log10_Ekin_iso log10_n0 redshift_measured afterglow_detected snr mass_ratio
0 0.2799464957143862 1480.581147009051 1.4180591798641515 1.3197140905368263 0.007817789631947 0.0 0.0162181609194278 1.8150398779827368 1.689163425527509 12.156230774052991 12.178386723215905 353.98651824517407 548.8394009932513 0.6463871196665282 3.899723407192413 1.0576956549501193 0.2913647331353387 -0.5150431783878723 2225492309.797459 2 0.6463871196665282 -2.24403940775696 0.2061692322245045 0.2161918576111973 -0.9793250315671532 -1.292180243453037 0.074876170528512 0.3164677886045379 0.6873545733826477 0.022522036 70002.01306478541 True 0.372374980416474 50.6677135183729 -0.0654520339507964 0.2775838433788719 True 19.971 0.9306481064233537
1 0.4548632238659653 2609.255470757259 1.8008565486246004 1.2860622210523371 0.0245245023587793 0.0420384103920559 0.0 2.6199999640521217 1.871044629012427 11.924331839481145 12.182817913048488 64.58621851873689 640.7107566450865 0.0564227742504377 0.6731636754331745 1.3031549839520091 1.5303623661061625 -0.5659549284400998 2237970566.8457723 1 0.0564227742504377 -3.408276890294141 0.2350971824087853 0.1996243082955974 -1.0 -1.5709558506398866 0.0865056917788564 0.2590450459310092 0.7613104429542726 0.03765884 70146.43733617791 True 0.3097479240827377 51.10307046132843 -2.663285997248365 0.4567626364044945 True 35.573 0.7141391811771814
2 0.1266193223587576 613.0776197372091 1.3524202359789772 1.3278100301576272 0.0358660853686932 0.0 0.0723969282877002 1.5236627698029066 1.4959364363973475 12.172478470105794 12.176909659938378 474.2988834261096 529.221382886984 2.391730750147213 2.994875472892899 0.4948504342217989 4.071643037124935 -0.7552403196671832 2233223712.548832 3 0.7498619034425802 -2.2948426630271546 0.1999601426281591 0.3142222092730663 -0.8950445262754364 -1.697174923479961 0.1039629846739522 0.2246183494887041 0.6643796542623689 0.20713015 70091.4968929263 False 0.1586625466846527 51.68408212661453 -0.7648953938823633 0.1258867966720454 False 34.876 0.981802841183062
3 0.2076959412460591 1056.1169681883548 1.3327166311097107 1.2186810748641923 0.0080521859024808 0.015415376502474 0.0 1.609516466222319 1.47179618778687 12.175432596660851 12.191680292713654 518.3014488189851 875.4724776421041 0.5800710426562201 0.918536470794688 1.643664080048457 3.1277133812216578 0.5351423651746676 2221620851.1464243 3 0.5800710426562201 -2.3161637276910145 0.1861684910959058 0.2277060270245464 -0.7918755004112877 -1.077289883918424 0.0899531001604799 0.2143485305497139 0.5938329271686191 0.017428214 69957.20451558361 False 0.1101533523584524 51.751752463219866 -1.313456241724185 0.2015168825630174 False 22.717 0.9144337561462226
4 0.4585592985832706 2634.491972249597 1.362226850723927 1.3524210012951654 0.0142966281168991 0.0284903434314418 0.0 1.9868886399031889 1.9725862270383607 12.16952434355074 12.172478470105794 453.8213998458508 474.2973285940118 2.868834188286405 6.228967760582787 2.6045018489990364 3.760407049858944 0.1468458842104668 2211208167.976744 2 0.2727584653033886 -2.286159744517417 0.2036423949085029 0.3022915269103177 -0.960193810677204 -1.7897324400591157 0.0590503297988349 0.3983404125031767 0.6796702676388232 0.026344068 69836.68734926787 True 0.2743656053847316 51.18803045718546 -1.4812555573972852 0.4579034200355565 True 19.864 0.9928016031811803
5 0.0859588838497393 405.22364255401607 1.4154680602723646 1.342657788864135 0.0092920228752616 0.0 0.0190879378912389 1.5371401148583328 1.458071153787055 12.157707837330518 12.173955533383324 357.9926547477888 494.414105459901 1.906035549584388 4.138243224849251 3.066922457680972 4.57995811841359 -0.2156075869535662 2226157034.4385705 2 1.2355571040054052 -2.2583983424614447 0.2083265245936897 0.289173270614212 -1.049820954127643 -1.3674020812286165 0.0575856025711623 0.3951756183358799 0.6965461610920619 0.7254539 70009.70663702048 True 0.1940836014094353 51.175590710446 -2.22353254381384 0.0849162602443111 True 28.211 0.9485609930370174
6 0.4761818178349989 2755.5426373204123 1.4780720075912115 1.3139922863566245 0.0118962196180328 0.0224718483659001 0.0 2.181903023057021 1.939691521895088 12.137028951445131 12.178386723215905 271.6767088448349 563.5783544584373 0.1993438572582729 0.4125998083939592 2.615189948785688 3.986186730093287 0.0724609023030418 2225520963.392705 3 0.1993438572582729 -2.183752165569407 0.2122089407064972 0.2873669905313776 -1.0416864960335426 -1.3748021642745822 0.1341635790772191 0.3636391685772674 0.7052799500117799 0.042285275 70002.34470361927 True 0.2353480908250561 51.02745161702647 -1.5535841221769369 0.479630120178042 True 21.6 0.8889907119599775
7 0.2568893910754447 1342.2475005590777 1.379868890747237 1.328603593174986 0.0153103195725679 0.0300518256193893 0.0 1.734342569855244 1.669907761206356 12.166570216995686 12.176909659938378 419.2944264443562 527.5595804166405 0.3844618802327643 3.24178157692182 2.6611556432359373 5.304463387840105 -0.701766979002558 2227218798.62994 3 0.3844618802327643 -2.277271677289586 0.2029808994775838 0.2308921652105092 -0.9412255880712332 -1.2349749007282262 0.1149613757346191 0.3421940350274395 0.676483786144583 0.05584804 70021.99557442061 False 0.2615858044315259 50.98253941369495 -4.463388140263346 0.2579756944913962 False 20.989 0.9628477039260669
8 0.0720688551451307 336.5330669477785 1.3605288598820715 1.3192296546984543 0.0156529652055617 0.0 0.0317959550398559 1.4585806172056826 1.414305025586078 12.171001406828267 12.178386723215905 456.7910803832184 549.9934866749247 0.2924246128468873 1.796509791933791 0.9426475771904056 3.827774227796515 -0.1112667945185187 2225530852.673985 3 0.2924246128468873 -2.2902652330474704 0.1999090438791428 0.2345932218999256 -0.8942463564318692 -1.3591694380901416 0.0872181697944016 0.2989841415335605 0.6639624509223768 0.060965545 70002.45916289334 False 0.2495469915940266 51.16387566667595 -0.1886011073094495 0.0719119730145262 True 102.922 0.9696447415402882
9 0.3270297647066155 1771.027202025767 1.4538617229861663 1.3008857950102204 0.0032477303489482 0.0061537331758831 0.0 1.929317780170287 1.7263141704625913 12.145891331110295 12.181340849770962 302.3557040895079 598.053598728454 2.4439729366155074 2.461005383717612 0.4826791207321363 4.829560360115077 -0.6168351612815974 2234627291.82993 2 0.6976197169742858 -2.194374571496915 0.2080900827046444 0.3459215905231767 -0.9630786195524734 -1.2731473826869604 0.0620003314198566 0.3991072707995473 0.6913595450822322 0.094356835 70107.74202349456 True 0.3237853708046515 50.78919137276316 -0.4047632047279741 0.3220294159682964 True 14.335 0.8947795890370233
10 0.135612245490427 660.3792790578775 1.3998716425772182 1.3285167067764223 0.0387681816656471 0.0 0.0796186112245692 1.5897113794254871 1.50867984055392 12.162139027163102 12.176909659938378 383.45047423004473 527.6009711813106 1.210095347348531 5.579129544442316 2.4012348975548816 4.727051229768162 -0.525371235336775 2232734370.6089435 2 1.210095347348531 -2.26299996017282 0.2051210065287955 0.1780960531586312 -0.9750073987404186 -1.1223105572592689 0.0529161127680251 0.240547238843326 0.684446672323195 0.62595606 70085.83321306648 False 0.0779343753087626 51.76043476280322 -0.5352351175314389 0.1363260685048356 False 20.885 0.9490275153588876
11 0.2932291206569654 1561.4523635652904 1.388002960319696 1.3233140506296697 0.0067355487360341 0.0 0.0138003581669809 1.7950058478435054 1.7113482660488148 12.164941592315406 12.176909659938378 404.4580263230496 540.0533214583478 0.5404318754639055 1.7713438287084438 1.7435555243531589 6.038114940763849 -0.1209355004262546 2239057735.311836 2 0.5404318754639055 -2.270185700454793 0.2032975382132942 0.3232386786510299 -0.9427743872935248 -1.4367381777834458 0.1421784693787079 0.3308000362158192 0.677378605452142 0.04552671 70159.02030453514 True 0.320833681846838 50.953550144630825 -4.677702907918828 0.29475949002261 True 22.382 0.953394256684347
12 0.2131984472677329 1087.4953416446983 1.238748589855818 1.2057361122003951 0.0131257570272632 0.0 0.0266108909996047 1.502847865768172 1.4627971791361525 12.1887261661586 12.191680292713654 796.298232070665 929.803500444411 2.7808978495908807 0.0690236865394485 1.6632528202463126 5.611087466057263 -0.3548946999842908 2230163695.870378 4 0.3606948039989126 -2.539625080242694 0.1749895671604958 0.2326581385830182 -0.7674639200598324 -1.2384452641306516 0.1416273258863368 0.3900911008424296 0.5259587054134214 0.056908112 70056.08003322197 False 0.0969077396278518 51.88164615413526 -3.383021023593324 0.2099194483753366 True 23.624 0.9733501390631127
13 0.2737314901884241 1443.0354109726677 1.4199580859810232 1.3071650737083609 0.0052623041050173 0.0 0.0109786833252884 1.808645328861712 1.664977317256812 12.156230774052991 12.179863786493437 350.8039765341841 581.5278746519957 0.4733863176211274 5.518736549007524 0.8100313731552973 2.278613294940876 -0.6004159072380669 2212447859.569921 2 0.4733863176211274 -2.234196086386389 0.2050359492563782 0.290267702927066 -0.9465301619218124 -1.1334412382273056 0.097195696248653 0.3249061940107094 0.6822352932460368 0.36267763 69851.03563159631 False 0.1396215074853208 51.3874612469003 -0.005898235858269 0.2747860667138292 False 19.039 0.9205659565685448
14 0.2013459213045155 1020.1062994253408 1.6279919503249063 1.3320998193372675 0.0065750309720178 0.0119550315108496 0.0 1.9557814894394097 1.6003126847313085 12.06760697740133 12.175432596660851 140.18450710091457 519.0516313573829 3.024207290902706 5.451057146621383 1.1476217405527418 5.352117378657838 -0.7950979951126449 2213981127.434321 1 0.1173853626870871 -3.3726720251453552 0.2335293306191013 0.3163820457435417 -1.7422140696310806 -2.753677349847356 0.054376321456487 0.3468937911823055 0.7513877024331981 0.041706007 69868.78178743427 True 0.0879038605559725 51.50850637128702 -4.838554726607679 0.197194754024542 True 76.988 0.8182471781088438
15 0.6763822826340586 4207.650166856365 1.3798035925281524 1.3343923723803646 0.0077814371952617 0.0 0.0158276874731327 2.3130782960290186 2.2369517311404725 12.166570216995686 12.175432596660851 419.4763065036007 514.4705643843431 2.9707067334630746 5.963087783412719 0.1760079678565786 3.7077468877927866 -0.5655894451887992 2224999716.4185185 2 0.1708859201267186 -2.278136454727478 0.2035963854957782 0.3251706495661219 -0.9540181977724858 -1.4140165396444493 0.0524571477348035 0.2256418605319194 0.6790401674670685 0.06621746 69996.31175252915 True 0.1017201101379116 51.9116800073972 -0.7707894125320163 0.6792415734522775 True 23.847 0.9670886346479337
16 0.1154567633740386 555.0264156692274 1.3187662335207486 1.3049678972484091 0.0072758115917019 0.01447549589682 0.0 1.471026714490026 1.4556352669717356 12.178386723215905 12.180440089781138 551.9964317892694 587.5683368953796 0.4016291499532062 1.832084258922097 2.599398617572225 6.181827453101934 0.1584196017594497 2238884609.851769 3 0.4016291499532062 -2.32500097029686 0.1939525783113137 0.3308423558551596 -0.8269310275477322 -1.142242987046375 0.1237291150015652 0.3473686793188792 0.637188154481511 0.09707559 70157.01653763621 False 0.014997860676687 53.55242306021688 -0.7995894880964434 0.1154868343107232 True 45.201 0.9895369354161415
17 0.1020575417342105 486.3254207684174 1.4311267228046776 1.3639658553096774 0.0111655768518395 0.0218071680806714 0.0 1.5771839980442597 1.5031688575119828 12.153276647497934 12.16952434355074 333.2590424942496 450.2944724735228 2.8117724696977464 5.779112638827914 0.5117200940256895 5.594861605872983 0.1440182679594745 2229491323.6982217 3 0.3298201838920467 -2.2608707017817067 0.2123044966756015 0.1822067349189617 -1.183089878119182 -1.5475068291099074 0.0536257845666853 0.3476953717408948 0.7108969480996467 0.053718645 70048.29794789609 True 0.0952121945603577 51.70511222773813 -1.6131724832236969 0.103205309077916 True 66.353 0.9530713343376187
18 0.1970331211384813 995.7720591879448 1.323878951020305 1.2490812545563117 0.0105486405510115 0.0205012945781538 0.0 1.5847269527493744 1.4951916326971113 12.176909659938378 12.1887261661586 539.4405827203649 759.3256162075347 2.430015062406568 3.4305714764735384 1.1164671789273009 4.826203773164124 0.521924841909209 2219338357.035548 3 0.7115775911832253 -2.335205033366472 0.1885261951293241 0.2825316744523795 -0.8049488752170053 -1.1427377134814238 0.0616784607386894 0.2922023685100489 0.6084637239627239 0.120009094 69930.7867596707 False 0.3077678240282787 50.92839035123118 -4.320631142466645 0.198140135420946 False 22.294 0.9435011060442139
19 0.3033340624030005 1623.5431501163755 1.3400285866333068 1.1632342493561134 0.0189273610151582 0.0353575736258274 0.0 1.746504901552939 1.516082819739608 12.173955533383324 12.196111482546238 501.1735976333596 1140.1354054404185 2.327834416895084 1.5643561925839968 2.305713439126343 4.167714339858033 -0.2344567111566273 2223563761.785253 4 0.8137582366947093 -2.270944592892967 0.1807888841922575 0.1815024653453358 -0.7462037473050045 -0.91812221441374 0.0551168186148296 0.3747108779493192 0.5580050336107915 0.13552286 69979.69190723673 False 0.2451115088027565 50.82019348405066 -1.341613940337143 0.2986332655791844 False 13.291 0.868066741977966
20 0.2098642604288303 1068.4627281364767 1.3478470320849587 1.2341589921351883 0.0059260462685883 0.011352243096632 0.0 1.6307119526446625 1.4931648562712303 12.172478470105794 12.190203229436127 483.1110669886189 813.8914742079897 2.2230147366636688 4.139337339486889 1.6838249436078343 4.509311894201924 0.2956660067436597 2226920949.2380166 3 0.9185779169261244 -2.292881512260648 0.1894445747730803 0.3383738655677709 -0.8026465103226318 -1.0399324349441392 0.1022515025306732 0.2628117981364448 0.6116747883959868 0.10652133 70018.54824349556 False 0.0874569165968356 51.89061667358122 -0.7760842948175304 0.2106891081181437 False 16.269 0.9156521198300163
21 0.5501840409025159 3276.454284409338 1.5125550369735568 1.2375623332429693 0.0138406639480444 0.0251650018732588 0.0 2.344738679303122 1.918449378615332 12.125212445224909 12.1887261661586 233.5223275606536 801.4626885360212 2.7515149301299004 1.3090653450733898 1.7011442702117852 3.5957245992801536 -0.711188646443989 2223016238.78951 2 0.3900777234598927 -2.047976692238057 0.2079379024124321 0.3035186491299974 -0.7826107185708416 -1.309697528023673 0.1243828109840329 0.3361204528768897 0.6782792625018643 0.09093047 69973.35483552673 True 0.2721562709612209 51.24781469826153 -1.3797549126889894 0.5509169259056405 True 28.239 0.8181932577601837
22 0.0706625192109988 329.6454432974978 1.8703798911782816 1.249797081910473 0.0125125663528138 0.0208735249948074 0.0 2.002545646170533 1.3381108922208218 11.838662169384536 12.188439616405438 46.48333738574116 756.9980319392132 2.4487644233192323 4.324060465412439 1.9766808572074408 4.0051970752296695 0.661197030263615 2209150343.5336394 1 0.6928282302705608 -3.431045239266022 0.2323918026417929 0.2085423258232915 -1.0 -1.9554854372930497 0.126294495904531 0.3613143280919391 0.7533766281350233 0.016827554 69812.86993673194 True 0.087040235549861 52.26263948835681 -0.3864133131321745 0.0705688387686258 True 68.734 0.6682049394378053
23 0.238179028583949 1231.9486691704085 1.52448294807507 1.2590630127987112 0.0038310548137153 0.0069951042522768 0.0 1.887582815740385 1.5589454181130886 12.120781255392323 12.187249102881072 220.9966728878269 724.5731611760991 2.2199010034921214 5.382092023032941 2.577953955650477 3.1306476311389466 0.656296745485093 2216113603.8822327 3 0.9216916500976716 -2.06287591309717 0.2116362985168645 0.2375345489863328 -0.8512277096656424 -0.9901961137316856 0.0854537624830176 0.3251845968834448 0.6932046486108615 0.015981337 69893.46322780362 True 0.2614798751439041 50.784839785429696 -2.9663166601949174 0.2399157194002685 True 15.301 0.8258951104625353
24 0.3825919886296473 2126.825807398257 1.361673355005569 1.3290789727783223 0.0132663912287004 0.0 0.0268581279299731 1.8826386717611536 1.8375739400194293 12.16952434355074 12.176909659938378 455.02605195499245 526.8973705141032 2.847243780498402 5.531209625237723 0.9695675918064228 0.8305708640135915 0.3502589275124313 2225661676.795725 4 0.294348873091391 -2.2891057115367777 0.2010939378714925 0.2922611318134239 -0.9119716506980284 -1.0147834493350707 0.0978687164029163 0.3171350098446325 0.6689848592084453 0.2163678 70003.97333096903 False 0.1076866535661157 51.386280276465655 -0.4179737653332696 0.3765288201055004 True 14.736 0.9760629947649128
25 0.3464995498782178 1894.1413259184085 1.3226436960397352 1.1606425645262832 0.0034489302843445 0.0064754258568708 0.0 1.7809391413667657 1.5628046907041406 12.176909659938378 12.196111482546238 541.8351103245345 1154.0138093073074 2.48569796721155 0.4724371382775135 0.2392182083035793 1.0255541305050595 0.3351674152462244 2228476962.073107 4 0.6558946863782432 -2.3145749996461817 0.1787019937216645 0.3150310694999251 -0.754055854753211 -1.0103767260124616 0.1314520597822664 0.385051734236127 0.5459301097798709 0.28779992 70036.55765130911 False 0.2807392667576835 50.849282157648254 -1.641361679778084 0.3507722067572483 True 12.806 0.8775171786638258
26 0.1765958840335497 881.8337493806018 1.340535175966158 1.3094411652306757 0.0216794811685029 0.042856101962822 0.0 1.5772681704439715 1.5406830853945084 12.173955533383324 12.179863786493437 499.3287660743331 574.9774217328361 2.5796730436226607 3.2909859117785816 2.815555066513567 3.822366477830771 0.6773223808498997 2231971272.244746 3 0.5619196099671325 -2.306551266157874 0.1967473273114413 0.2658026307232031 -0.8558659281534213 -1.012689818246615 0.0528236471954502 0.399979469983781 0.650158396221865 0.010513915 70077.00105607345 False 0.2261258743910894 50.937798482564006 -3.246193531726297 0.1760982199768695 True 27.499 0.9768047782013092
27 0.1389592020706418 678.1043315001604 1.295266770408217 1.2730195720889717 0.0171117028265154 0.0339294990578347 0.0 1.47525600729276 1.449917356046765 12.182214466358444 12.185772039603544 614.4518686846351 679.9981850849754 1.992338238857056 4.867768755313556 0.2892363299589504 0.691415687273916 -0.323684355346085 2232134410.6757903 3 1.149254414732737 -2.3662204080063693 0.188058687861947 0.3016190180785592 -0.7937195642922483 -1.0507343962122977 0.1355505874005822 0.2366431606593154 0.6071729617199055 0.026296748 70078.88923235868 False 0.2554906609917666 50.96939360656046 -4.235851364091312 0.138310563387157 True 17.098 0.982824234491684
28 0.0586713642798133 271.4247495484291 1.3274279110243163 1.2920625910190942 0.0224899992977297 0.0443808202781469 0.0 1.4053099175472157 1.367869665969095 12.176909659938378 12.182817913048488 530.8481079262582 623.4331971497688 0.6871636519580892 1.2396048993560094 2.021445789283894 5.620552315946267 0.6957960606826535 2229483695.705621 3 0.6871636519580892 -2.3226146370518665 0.1934933081962318 0.3346352071658639 -0.828037817641471 -0.9865340282221392 0.0608275405242179 0.2522149105314051 0.63472330644095 0.46611106 70048.20966094469 False 0.1841522674755312 51.09319212924563 -1.3931368024091118 0.0582845888069518 True 113.071 0.9733580108482635
29 0.0825560881107324 388.2848575609953 1.365188779716096 1.3373478188306336 0.0093451122376829 0.0184996450418507 0.0 1.4778934249021214 1.4477540231967114 12.16952434355074 12.175432596660851 446.97731180606064 506.5636329957569 2.8128180126700406 0.7811027543199581 2.8834743251082537 3.8009537712541697 0.6742999201515871 2237990564.930839 3 0.3287746409197526 -2.286617918559484 0.2023426311528841 0.3177263635214025 -0.9335274515782122 -1.235722522334385 0.1109119868284447 0.3965595564565518 0.6744025005204916 0.010184461 70146.66879549582 False 0.2969098117681785 50.9054974815009 -3.7706925039386494 0.0790533947849853 False 90.809 0.9796065120816096
30 0.1914343984407811 964.3321843213552 1.3570763483078545 1.1955854801786436 0.0048246985154646 0.0090752622354216 0.0 1.6168674426843803 1.4244616673611747 12.171001406828267 12.193157355991184 463.273162694178 977.0126550342534 2.7491321297927995 5.152246151610616 0.0130596207007945 4.636191026087155 -0.6877450348853352 2211696603.688386 3 0.3924605237969937 -2.2549097960089863 0.1861909503815939 0.1587149395108032 -0.7686005755731595 -0.870694001142877 0.0737551522056445 0.3496092409726048 0.5909734815269783 0.6458252 69842.34054037483 False 0.3871547360385992 50.30229243068048 -1.1180635655600488 0.1903818044551795 True 26.569 0.8810008970161668
31 0.4614952771952544 2654.576434446932 1.365449552417206 1.3438894457247166 0.0146273849785551 0.0 0.0294894380555711 1.9955980721061208 1.9640880779992216 12.16952434355074 12.173955533383324 447.1938942062286 492.0110518776397 2.8360352500982704 2.523621459339223 0.4439901805443433 2.819741287531825 -0.7321683109709481 2222606033.405074 3 0.3055574034915228 -2.2860018174037573 0.2030705605679039 0.2801961961456852 -0.9477232814035256 -1.8146320661971849 0.0835991786394709 0.3342697967267943 0.6773679150000222 0.10646865 69968.60708802169 True 0.3048350330155072 51.08866474424003 -1.2521548983958215 0.456971755858471 True 13.191 0.9842102502766782
32 0.409194906465146 2301.914691968885 1.3544657881535709 1.3053393421379011 0.0157959627315822 0.0 0.0321864065190466 1.908706289647312 1.839477552149295 12.171001406828267 12.179863786493437 469.9485366864714 586.8288776955884 2.761233535561683 3.4265290410570075 0.018422869021735 3.179365887556941 0.586163911614158 2221982807.2588115 3 0.3803591180281104 -2.2953659606409973 0.1978038600559094 0.2764997363925423 -0.8678631627276783 -1.052759325263625 0.1267754075546675 0.3272806303397051 0.654383193466744 0.014103405 69961.39382243995 False 0.2679195092778343 50.843897832407535 -4.593682873009418 0.4057800916049821 False 13.247 0.96373002076144
33 0.3998621630529993 2240.1521920725504 1.3819087496467732 1.3648590809670562 0.0089820923075132 0.0 0.018076387918671 1.9344817714223976 1.910614585345072 12.166557078995242 12.16952434355074 415.4407707471336 447.23332736480313 2.763581630567652 1.439555189667897 1.7388848695839971 3.0146231757074866 -0.2776922955186062 2226915224.2577486 2 0.378011023022141 -2.2792095929206586 0.2070687733395853 0.1600123007432621 -1.043908387794225 -1.1959449701534215 0.0771594451261141 0.2342521063642109 0.6930741315889127 0.038391136 70018.48198214987 True 0.4374786395361757 50.200165094042426 -2.000872231847324 0.3992144100988001 True 15.678 0.9876622326299945
34 0.1541890132312694 759.5756919440674 1.2809755000015846 1.1459238073425266 0.0058604701159354 0.0 0.0124116200169174 1.4784878483202608 1.32261266843489 12.18429497632602 12.196111482546238 656.2413873974075 1239.6887662796908 2.882625249103426 4.97831474463678 2.1605616870584816 2.69922250391637 -0.5824118640757299 2213398652.103668 4 0.2589674044863675 -2.438793379196303 0.1727774960752814 0.2595418389130707 -0.7635173057319933 -1.0495226387929075 0.0587655410550727 0.3548225161102222 0.506445208755206 0.08435001 69862.04017481097 False 0.1183523899231984 51.54286110648568 -2.028649011776708 0.1528606087053267 True 33.384 0.8945712133769218
35 0.2346578009007224 1211.3904671611624 1.7687749670257558 1.2772701234735089 0.0070182132671798 0.0120862147334193 0.0 2.183831811076268 1.5769915218039967 11.956827231586752 12.18429497632602 75.21554378415341 666.0784647892132 0.9761495397821456 2.4341456427428723 0.4205450049030284 3.2794698953352905 -0.0957614394569023 2222257459.3557854 1 0.9761495397821456 -3.3739676384593125 0.2320693292198884 0.3052704907775022 -1.0 -1.76300389993711 0.1240109448143412 0.258273365464099 0.7529050788520077 0.039888415 69964.57266615493 True 0.2931185027422082 51.183623340936926 -3.006147760068542 0.2373140439600403 True 16.071 0.7221213253720307
36 0.2467293125101772 1282.1326968237893 1.407656651123545 1.361951549557315 0.0070665557957591 0.0 0.0143702548661623 1.7549668089056358 1.6979849190517615 12.159184900608045 12.16952434355074 369.561172191137 454.5353108609392 2.9766134172115604 5.1358487034377935 0.3264413475155747 0.259174854851419 -1.1454754967525933 2209786200.238467 3 0.1649792363782327 -2.270082688206556 0.2095518112331419 0.2694227997459063 -1.1050510129390412 -1.3123502046874695 0.0722909517400165 0.2219223823223901 0.7017113731556347 0.017945375 69820.22938933411 True 0.0832174340841929 51.68352168868664 -0.808262703395954 0.243827371704145 True 64.311 0.9675310726307085
37 0.452465309794127 2592.911209065004 1.3215364298218006 1.1999279060930317 0.0072173731176623 0.0137705995116835 0.0 1.9194858199453464 1.742853657854033 12.178386723215905 12.193157355991184 544.35141527547 955.7078744002306 2.955514344216737 3.1494035338641684 2.7596490027136658 2.9967257676852594 0.0135590913293819 2237761256.133173 4 0.1860783093730563 -2.334752434633751 0.1829386205352265 0.1664539371387509 -0.7819847606054645 -0.9364944851288816 0.0632670279571913 0.3500293713587938 0.5749748757289074 0.025499344 70144.01475848579 False 0.3427303662739227 50.47775410434144 -3.535845871910062 0.4502104111190856 False 12.285 0.9079794389435278
38 0.208944850593672 1063.2248272744678 1.4292656426292922 1.373707675892094 0.0130022361345709 0.0254990534154815 0.0 1.7279033387871383 1.660736820990748 12.153276647497934 12.168047280273212 336.68831918509693 431.1307334490958 2.836908792101887 5.94901525765416 2.604879915643382 2.664629688652137 -1.4167708562488015 2225827871.2140484 3 0.3046838614879061 -2.2667331240822075 0.2131402814772188 0.291332281729658 -1.2291678031244466 -2.184452290012422 0.1461829701257135 0.2932648759875283 0.7140383998070108 0.14849932 70005.89687747741 True 0.2367046043140765 51.08823860734031 -4.477135896908403 0.2106525388464516 True 62.027 0.9611283129740716
39 0.0209489668889928 94.30346287049797 1.3501700160871095 1.2044955323922442 0.0108007469867575 0.0204361642579475 0.0 1.3784546830486293 1.229728469418269 12.172478470105794 12.191680292713654 478.39741482162486 935.750854650858 1.954417217201855 5.01312546678557 1.817722623771325 4.510189576394058 0.5093142566055437 2226762752.37904 3 1.187175436387938 -2.2747316293258555 0.1864547502654154 0.3307224354005841 -0.7791294615382315 -1.0157528178684454 0.1262677792695292 0.2699042203289655 0.593553693159544 0.041749366 70016.71726133148 False 0.4512348482197192 50.48315551477462 -0.3631065079391877 0.0208604741090036 True 262.141 0.8921065629075066
40 0.3373227866013741 1835.8994112252624 1.3620999117374666 1.1662373817944007 0.019745784866235 0.0366522336850291 0.0 1.8215672495942343 1.559635825259979 12.16952434355074 12.194634419268713 454.2004110938058 1123.4445152852386 0.7251462069939097 2.0524531644026327 1.4267042469994144 2.553457831856531 0.2597271368065469 2209282116.107161 4 0.7251462069939097 -2.2205639716622554 0.1834421600348136 0.1786572219778531 -0.7347483921392779 -1.0349572665289684 0.0905236220205382 0.3489431193755465 0.5722753673382683 0.03212126 69814.39508225881 False 0.1933546487162571 51.28288663045887 -0.6342313090374061 0.3378036541298255 True 12.395 0.8562054602197079
41 0.4010719142334312 2248.1376464549007 1.408250305932409 1.3854781432271004 0.0012163059133827 0.0 0.0024526034204939 1.973059951852536 1.9411545142597733 12.159184900608045 12.165093153718155 368.88674415646886 409.08837540650353 0.5345846058021675 5.383784968172184 0.4027836881524052 5.137281051438418 -0.3615259120842812 2225290290.452778 3 0.5345846058021675 -2.276051962588423 0.2121208133225787 0.3417743783797102 -1.217462219234472 -1.541481336585281 0.1420115948033086 0.2924903134114865 0.7111700515928456 0.103491895 69999.67487792567 True 0.3543787852643952 50.49873262059131 -3.615704430603998 0.4061503720755473 True 21.996 0.983829463690241
42 0.1033123404500419 492.7131809946581 1.3781872101408503 1.2153335405479926 0.0166379904169758 0.0313099505485753 0.0 1.5205709563988157 1.3408924930494417 12.166570216995686 12.191680292713654 421.7874502828972 889.2268560769508 1.0400393833314936 4.4198425649631625 0.3028390231004619 4.7011920632108986 0.7607877625743814 2225789544.8005366 3 1.0400393833314936 -2.2279523092323497 0.190602105032928 0.2650806980210095 -0.7815143234589991 -1.1153268684486366 0.1019851891796785 0.3894191377769358 0.6144052657671139 0.03690756 70005.45328472843 False 0.3041680049684825 50.95161119224539 -2.8359957456374425 0.1046556150891167 False 30.464 0.8818348709126285
43 0.1847560237848085 927.0525651193308 1.387584630530368 1.1981362434324716 0.0099279356373472 0.0185003997940192 0.0 1.6439492495320716 1.4194991317215224 12.163616090440629 12.193157355991184 405.4396150432669 965.0416188558428 0.7731379870706356 4.64454519243192 1.1533329729825592 3.889583653117232 -0.3569827819316952 2224337766.78516 3 0.7731379870706356 -2.1962288280339823 0.1897133763620418 0.3180210214310066 -0.7568927023083561 -1.1306305869247977 0.1354636609710713 0.3390714778759819 0.6074077051464603 0.12106208 69988.65029843936 False 0.1007124261172561 51.91859360193276 -0.2119946479535279 0.1882733688738975 True 22.777 0.863468949619682
44 0.0217642627519493 98.03300238468958 1.4087027328488086 1.3350728217766537 0.0269683624359442 0.0 0.055424043088192 1.4393621092659192 1.3641296974627872 12.159184900608045 12.175432596660851 368.88559265174433 511.87917920669 0.7945643460641346 3.89712273799455 1.5017617524955271 3.3399297640014005 0.093463664319509 2210886188.715051 2 0.7945643460641346 -2.2593889998244405 0.2067875331574816 0.3005303002430832 -1.010217894813972 -1.3396916053725696 0.092071174526405 0.25419851809342 0.6907370142050703 0.022722047 69832.96073744273 True 0.3136353611472056 50.83192716545501 -4.336973356056901 0.0214900989839944 True 216.393 0.9477321159708026
45 0.2985147864426712 1593.870019370523 1.5400233404776844 1.2589737302097652 0.0051347855552051 0.0093324882486322 0.0 1.9997430790771096 1.6347960044202667 12.113395939004688 12.187249102881072 206.17351179528484 724.9984003843201 0.4344691110546496 1.897219856152764 0.515199344022286 3.635834878546274 1.2804960117887416 2237104282.886916 3 0.4344691110546496 -2.044692051262472 0.2134704169780671 0.3221103608975569 -0.8545559911497249 -1.005940571629607 0.0569144656614229 0.2605653028847561 0.6975718760856877 0.023251064 70136.41090146893 True 0.337269846940763 50.62741102611125 -2.065527323107313 0.3042502676382844 True 47.288 0.8175030190251902
