redshift luminosity_distance mass_1_source mass_2_source chi_eff chi_1 chi_2 mass_1 mass_2 radius_1 radius_2 lambda_1 lambda_2 theta_jn phase psi ra dec geocent_time prompt_collapse inclination_EM log10_mej_dyn v_ej_dyn Ye_dyn log10_mdisk log10_mej_wind v_ej_wind Ye_wind chi_BH Ebv trigger_time redshift luminosity_distance prompt_collapse has_grb thetaCore log10_Ekin_iso log10_n0
0.3072860394549018 1647.9581819898672 1.407647068936516 1.269206373176593 -0.0041427128564182 -0.0198738883280913 0.0133043655002752 1.840197361700319 1.6592157728409482 12.159184900608045 12.185772039603544 369.58512765871 691.9251413746161 2.695538193825413 5.355429507099613 1.668303367939345 2.256201989962788 0.7642633686756634 2226693316.3166537 3 0.4460544597643802 -2.221707304886304 0.1996284186890633 0.1804052256972007 -0.7625733255159004 -1.3552858535900465 0.1332549988862901 0.3554894177995388 0.6585499127407894 0.025501212 70015.91360320202 0.3072860394549018 1647.9581819898672 3 False 0.0516537018887012 52.56572978712033 -1.5129092370237132
0.2763221307213142 1458.6628743447764 1.3690079162939552 1.3616729379113166 0.0616873454091504 0.058958162799559 0.0644312294164757 1.7472951006986477 1.7379333054605233 12.168047280273212 12.16952434355074 439.2478693800695 455.0267585423308 0.6875908473459622 0.5548432149966073 1.0862951750560408 2.081089497913385 -0.545438512140291 2226317016.3941994 2 0.6875908473459622 -2.28278123285938 0.2053694561134456 0.3170623399164729 -0.7468114094785794 -1.0455344571755265 0.0537057140339407 0.2256262359153184 0.6865067548763778 0.8676106 70011.55828002545 0.2763221307213142 1458.6628743447764 2 False 0.3113711362297999 50.95630746240025 -0.2466400003700766
0.5843653570584432 3523.5729795461784 1.663515568358187 1.206707419204648 -0.0343743577058822 -0.0050712009240742 -0.0747704443900162 2.635616437434098 1.9118654310932448 12.043973964960886 12.191680292713654 119.8656345802664 926.0826258169214 3.0399669030907144 4.202344708100978 0.7404599647498472 5.354240454546281 -0.9797475784904424 2232602424.5877967 1 0.1016257504990787 -3.213838042720822 0.2158274146968412 0.3060557741219768 -1.0 -1.5904865998689592 0.1014616370398557 0.3529378679196636 0.6994171177314347 0.070122 70084.30606004395 0.5843653570584432 3523.5729795461784 1 True 0.0998325624588035 51.93807715319965 -1.9130503137010924
0.4877421174409106 2835.593925533021 1.587444635153219 1.251953383426577 -0.027012739055758 -0.066644887831481 0.0232398045185254 2.361708242823064 1.862583777596368 12.089762926564244 12.187249102881072 168.67821360305743 749.2328953601626 2.9202721378139045 1.235449260190728 2.77916375708375 5.834742801478558 -0.6449302315281291 2237918799.6467266 1 0.2213205157758888 -3.2247363471042245 0.2205676981236188 0.2621164496060176 -1.0010518455812003 -1.5347985649215934 0.0672409441350469 0.2762459524047369 0.7062454730599632 0.023876697 70145.83817878156 0.4877421174409106 2835.593925533021 1 True 0.1168936703678865 51.79453125523448 -1.6750372996837393
0.2157570987771292 1102.1408829132854 1.1282131523078884 1.100343336298638 -0.0192604527634107 -0.0060424801885077 -0.0328132139915689 1.371633148852038 1.3377502221971795 12.197588545823765 12.199065609101297 1352.1458216298554 1550.657830935958 0.4486107778211198 3.935692871338901 2.1915609299309984 5.798807702407106 0.6323939802828249 2236662505.151863 4 0.4486107778211198 -inf 0.152297247588873 0.3282355028884376 -0.7567370731256707 -1.561770010366442 0.1109114320858015 0.3101789036330955 0.3120582034934615 0.14620093 70131.29773323916 0.2157570987771292 1102.1408829132854 4 False 0.4529997400655871 49.93562844265456 -3.3400867270597496
0.5887799443472242 3555.775099590838 1.7007056449304474 1.1770805455890034 0.0336636857091687 0.0429999486795958 0.0201741796631615 2.702047019903606 1.870121963713097 12.017386825965383 12.194634419268713 101.6007749194422 1066.9724542633317 2.992509436578794 4.38474128512336 1.0844762807256625 0.3410167267845413 -0.1459706418813292 2208829738.174262 1 0.149083217010999 -3.21293948378827 0.2114043296520467 0.3493261660677215 -1.0 -1.492641111838808 0.0821441668101313 0.2656508153761164 0.6896300039730117 0.031900097 69809.15922655397 0.5887799443472242 3555.775099590838 1 True 0.0799800208054733 52.07026070462078 -1.8795052208946768
0.2348099877395824 1212.2776692155053 1.931173727541244 1.144007826621444 -0.0367292568196635 -0.0185786104756086 -0.0673689522324555 2.384632606828207 1.4126322903644115 11.742193376662224 12.196111482546238 34.229317525942385 1251.037173215156 0.8850377627699506 0.1180823278914499 2.444215808602052 4.116602935590886 -0.290072050761744 2240055072.510669 1 0.8850377627699506 -3.4172468491062795 0.2134900404978255 0.3234721513911215 -1.0 -1.5498989939347934 0.0756486880261056 0.2987440275948053 0.7014979185885294 0.12644906 70170.56355915127 0.2348099877395824 1212.2776692155053 1 True 0.2734969343054461 51.09134126310487 -3.1305561880685966
0.4001386832958769 2241.976936659928 1.741957837256073 1.1496993312731536 0.0250401886080691 0.006109100149838 0.0537234773693884 2.438982552612651 1.6097385078749435 11.981937307304722 12.196111482546238 84.5272485439389 1215.9476461559673 2.8372835074657257 4.773298182849467 1.1398790322586665 1.075691042254313 -0.8031103276358638 2222464750.994385 1 0.3043091461240675 -3.226920957322436 0.2069626988887839 0.3301214792152768 -1.0 -1.856672495640451 0.1324678624737293 0.2131204732026763 0.6801924019849893 0.015342811 69966.97187493501 0.4001386832958769 2241.976936659928 1 True 0.1903399671573232 51.41105157152207 -0.5128573273681702
0.5437678585701281 3230.5133972996014 1.626149010383741 1.1960044098378764 0.0220736328792773 0.0438642929696639 -0.0075540675289459 2.510396575476041 1.8463531666158484 12.069084040678856 12.193157355991184 141.42418161579175 974.0706778600444 0.0564227742504377 0.6731636754331745 1.3031549839520091 1.5303623661061625 -0.5659549284400998 2237970566.8457723 1 0.0564227742504377 -3.173055500221328 0.2127922062229605 0.275309823237951 -1.0 -1.8159085188940784 0.1269942778616213 0.2953151341553581 0.685235358818798 0.03765884 70146.43733617791 0.5437678585701281 3230.5133972996014 1 True 0.125672579055806 51.77742405073843 -3.52387385172477
0.3692323762035379 2040.0342810914708 1.3612148135154083 1.340060339578852 -0.0073709220394608 0.0389174961479947 -0.0543900589171051 1.8638193936331584 1.834854003017672 12.16952434355074 12.173955533383324 454.7308704651748 501.0479109741033 0.0766644072552168 1.8026777873810584 2.527596336517981 0.7477219267478142 0.6060086405570477 2226771267.176313 3 0.0766644072552168 -2.288343644209168 0.2022278557764383 0.3217754882587608 -0.7526038913739418 -1.1898580128439766 0.1327895605302808 0.389064522821232 0.6739004807561969 0.092007235 70016.81581222585 0.3692323762035379 2040.0342810914708 3 False 0.0110972644233811 53.84761542304153 -3.0441889503801662
0.1760918764459486 879.052884826854 1.6260370211265358 1.1921449686217076 -0.0424757210432101 -0.0396906766899648 -0.0462744077323733 1.912368931347288 1.4020720131419009 12.069084040678856 12.193157355991184 141.4974793055935 991.9647563199206 2.753417084268316 4.388975350640994 2.4889855587952883 1.4136046366409516 0.2377579918294055 2223914794.893844 1 0.388175569321477 -3.168376894634437 0.2121105390551078 0.3413490670339416 -1.0 -2.050097409989159 0.1134695971294628 0.3153531657924084 0.6829629246682536 0.45537454 69983.754790438 0.1760918764459486 879.052884826854 1 True 0.0966088290993162 52.0429954882673 -4.788323536777216
0.587771049022436 3548.410049552371 1.876171146041086 1.1132743820919375 -0.0543348180019477 -0.0657863008727972 -0.0350359442586218 2.978930228695281 1.7676248335039202 11.829799789719369 12.197588545823765 45.25392174570526 1454.440597927538 0.450265781563066 5.807173791864436 1.3303284211534416 4.3850398511668045 0.8607799483862281 2236874946.704271 1 0.450265781563066 -3.341924932047438 0.2030467296746854 0.272541329413304 -1.0 -1.5022783200895389 0.08414349883093 0.3551396127865706 0.6752986101622905 0.015154721 70133.75654750313 0.587771049022436 3548.410049552371 1 True 0.2471562652794577 51.06144385364569 -0.0544659690782598
0.6729620010665723 4181.755718709504 1.877994395552911 1.2839364491695424 -0.0038007973906123 0.0059111626195802 -0.0180063341839424 3.1418132619760057 2.147976891244987 11.826845663164312 12.18429497632602 44.90251594383469 646.7626745767315 0.1736021157603079 5.34531043841959 0.253843111065709 2.438565223000683 1.0693193851145566 2233628479.5211043 1 0.1736021157603079 -3.4688141590259423 0.2390384402669187 0.1511424900273901 -1.0 -1.674307198724072 0.096579556818972 0.2915740037088868 0.7697972552828956 0.032351255 70096.18169584611 0.6729620010665723 4181.755718709504 1 True 0.1087027163047904 52.0135655769761 -1.0672357661571796
0.2683237532631938 1410.520751308159 1.87329154694692 1.369211278129262 0.0068436385458977 -0.0164248567198084 0.038678517638463 2.375940165779932 1.7366031872872003 11.834230979551952 12.168047280273212 45.76669609382683 439.4928586143277 2.642881955266032 2.239027313171426 1.2069180316179178 5.3625798886866844 0.1956567964024089 2226415226.548652 1 0.4987106983237611 -3.556837200171238 0.2525109148066131 0.1510002599840739 -1.3883649646829166 -1.9700383048538612 0.0736058899036699 0.2361900360890642 0.8025668764449095 0.13858007 70012.69497162792 0.2683237532631938 1410.520751308159 1 True 0.3212524504710271 50.71498165997514 -0.529237810724104
0.2015416519188576 1021.213050995796 1.4357864938274925 1.2440575790348032 0.014084073666613 -0.0870739585608745 0.1308321557988546 1.72515727559627 1.4947869985956523 12.151799584220408 12.1887261661586 326.2886319457921 777.3890995922687 2.909035715292783 1.633021532146868 2.980252875321697 6.095641892961814 -0.7112333392616429 2228853120.290215 4 0.2325569382970101 -2.1603887031182865 0.1999715542822036 0.2876055461040226 -0.7339839274747575 -1.284167589211524 0.0743593868823339 0.2634868314129774 0.6557989608811822 0.015557873 70040.9113343775 0.2015416519188576 1021.213050995796 4 False 0.0469038099765245 52.72047592530565 -3.846438292567532
0.3594489410024382 1976.967465752732 1.8367888380374384 1.3895850777292993 0.0105884890173791 -0.0577633898563093 0.1009377380027196 2.4970206407150948 1.8890699623518867 11.882768671443314 12.163616090440629 54.657964564791136 401.6238413869352 3.0801874398912577 4.612286630236617 0.6377592359435198 1.5747643911407103 0.4634578033998256 2221856577.1010027 1 0.0614052136985354 -3.5575136419779883 0.2530334898702977 0.3153834226197789 -1.6712427557233398 -2.21985849682884 0.1416136790250429 0.3936804213501286 0.8052717533793218 0.6418432 69959.93282524309 0.3594489410024382 1976.967465752732 1 True 0.0982112884299615 51.44036152793602 -1.8956534931827345
0.135612245490427 660.3792790578775 1.4280047385565322 1.2094416414345848 -0.0547399800585213 -0.063749313822446 -0.0441025331033615 1.6216596677231536 1.3734567382191567 12.153489188952443 12.191680292713654 337.6635603302862 914.1660301332864 1.210095347348531 5.579129544442316 2.4012348975548816 4.727051229768162 -0.525371235336775 2232734370.6089435 4 1.210095347348531 -2.1360006290671176 0.195332060167403 0.2722249036376281 -0.7094120061383805 -1.3653508290589058 0.1218668055171703 0.3189595500521488 0.6323195718304595 0.62595606 70085.83321306648 0.135612245490427 660.3792790578775 4 False 0.0997289254265835 52.09059759349146 -3.98631902891685
0.4346125078773794 2471.93828002822 1.98313439456142 1.2224839953916065 0.0038981206461544 -0.0252815919579356 0.051233948278034 2.845029407239647 1.753790830468711 11.637781563640766 12.190203229436127 25.851976062093488 860.663334706715 2.9330398827633952 4.290092417329687 2.2122937370811573 3.1979981868456573 -1.4909746254933298 2221681901.029582 1 0.2085527708263979 -3.5167641928227056 0.2348054084553115 0.2047145398237702 -1.0 -1.707735878497094 0.068758784240461 0.3010808801349466 0.750890219867819 0.13123272 69957.91111145349 0.4346125078773794 2471.93828002822 1 True 0.3127709300599521 51.09397380304697 -1.599294789964898
0.1017627996476664 484.8263702662004 1.872115128643581 1.3397037766459516 -0.0144790470410507 -0.0468077924405268 0.0306974572037531 2.0626268053971035 1.4760357836559956 11.83570804282948 12.173955533383324 46.19704259109219 502.2491177802409 0.8087943444908596 1.5396522985441643 0.0354994392513132 1.3726099162841152 0.5034079048422394 2227993220.9756126 1 0.8087943444908596 -3.5214699919255263 0.2479190579011647 0.2514952652335586 -1.156360781646124 -1.5644150672022992 0.0922811381558417 0.2630711190322775 0.7917365510819042 0.5569082 70030.95879601403 0.1017627996476664 484.8263702662004 1 True 0.0865830006341328 51.975614539135535 -4.929498038199175
0.2825677652063561 1496.4731160721428 1.4838607240908386 1.2587919085304484 0.0651996007341768 0.107184603837348 0.0157077850627856 1.903151932774672 1.614485924983741 12.1355518881676 12.187249102881072 264.8859565983937 725.8133362506867 2.357745173475548 2.183699790190006 1.2159404429609308 2.385865643706 -0.4937667487123048 2233707047.634541 2 0.7838474801142452 -2.112241561650489 0.2069417132993759 0.2026439902338235 -0.7116871091429902 -1.050665762556148 0.0621973151857468 0.2502151092186983 0.6805386734277529 0.16599375 70097.0910490109 0.2825677652063561 1496.4731160721428 2 True 0.048641714804348 52.62466118312257 -0.7182136271136654
0.0683506011163368 318.34968768610224 1.4992944187625428 1.2046306341088655 -0.0131615806785013 -0.0474904289693516 0.0295644211246095 1.6017720935353317 1.286967862073361 12.129682990944811 12.191680292713654 247.85937071764133 935.561712247588 1.882172137988496 2.786611942884909 0.9267662253262796 1.2403518998878216 0.5528783360768296 2234809185.791789 3 1.2594205156012972 -2.021493128794892 0.2027991544097802 0.2878464959659916 -0.6409078822365805 -0.8651654126274627 0.0646358380316312 0.269881170346912 0.6552070397843515 1.6201366 70109.84727768274 0.0683506011163368 318.34968768610224 3 False 0.1013269916212775 51.80551446713464 -3.7058117103511625
0.5074357047203659 2973.114035360534 1.8913006541100623 1.2614855363844404 -0.0561556068399587 -0.0502948716122501 -0.064942399910532 2.851014134366491 1.901608338534228 11.807643840556452 12.187249102881072 41.939821932884975 717.3367340168228 2.9091926562262995 6.007204387834165 2.9107561455807542 3.106802395435549 1.2282753398110404 2229396407.477373 1 0.2323999973634938 -3.4599477460956862 0.2358121008988228 0.1645309477276538 -1.0 -1.6612583352963668 0.0563151020815161 0.218732818754483 0.761168454846225 0.016926983 70047.19938052515 0.5074357047203659 2973.114035360534 1 True 0.2472375464273809 51.32343778818121 -2.728987836105405
0.7828037957778311 5029.998540500576 1.8925656861992937 1.3440607757663006 0.0398493536205572 0.0415727696766318 0.0374226195400898 3.3740732891149765 2.396196652792257 11.805688005171028 12.173955533383324 41.85706666023265 491.4863763573885 3.1047979361740423 4.348998296966639 0.5995859305130313 3.6449638370949793 0.3693655555105142 2226319472.691553 1 0.0367947174157509 -3.54241196977958 0.24997458852523 0.2213622125229947 -1.1281837498671583 -1.7301570052082662 0.0970229258968382 0.2193840310557442 0.7955928479182963 0.023387235 70011.58670939297 0.7828037957778311 5029.998540500576 1 True 0.0952482087610557 52.05579472891807 -3.289883087349128
0.2624368335804627 1375.289329117741 1.79617093676652 1.1555611358594964 0.0431868210545444 0.0547300561910029 0.0252443489299973 2.26755234998078 1.4588229413631055 11.928763029313725 12.196111482546238 66.36161294577326 1182.5751952571711 0.2699180205184449 2.6518693790822745 2.152619415166944 4.165398054571139 -0.5718211476607771 2219521614.074266 1 0.2699180205184449 -3.284078955033768 0.209925001304704 0.2114319669095741 -1.0 -1.4706640418100845 0.0695213541289415 0.3907975024486391 0.6924040443733223 0.23908205 69932.90779021141 0.2624368335804627 1375.289329117741 1 True 0.3764607397083608 50.74343345621522 -0.576970481304576
0.4579383080910704 2630.2481828397754 1.404053459464767 1.3678830545686016 0.0216898747954042 0.0608284502760122 -0.0184836269659734 2.0470233251614767 1.9942891062441923 12.160661963885577 12.168700839505648 376.0873183864431 442.5066845516776 2.994932927661348 1.92975511095292 0.6850143915683702 5.987735772589759 1.1755599172852926 2225418310.2069087 3 0.146659725928445 -2.273014151190383 0.2097841914748468 0.1967146844821409 -0.7588689470445533 -1.147784057563625 0.0653245101982062 0.2898830076727171 0.7027421660366623 1.1172746 70001.15658804293 0.4579383080910704 2630.2481828397754 3 True 0.1058084082132245 52.01641977008916 -1.1931654029697043
0.1440142307923393 704.9981486492375 1.1789217423251763 1.1730758876788074 0.0379874584169273 0.0439114964937952 0.0320338987499553 1.3487032502105014 1.3420155093039114 12.194634419268713 12.194634419268713 1057.511841252457 1086.5778356036128 2.3778873147940978 3.9991402056377288 0.5783374496661762 6.251048956092814 -0.5920702160131024 2230253357.453552 4 0.7637053387956955 -2.878458949347849 0.1652730974674836 0.2269901189204188 -0.7454260677270256 -1.0204633002748758 0.0585888707883443 0.3503228689056094 0.448466190753402 0.010228317 70057.11778302722 0.1440142307923393 704.9981486492375 4 False 0.1891007218142108 50.8195038448448 -0.225470252319365
0.6632308304660762 4108.27351439118 1.4211203131670271 1.303072459176997 0.0438427948290467 0.022116827584401 0.0675369594605882 2.363651118661005 2.1673102884344293 12.156230774052991 12.181340849770962 348.13950935661467 592.1344432330305 0.2065359317566046 5.252434034160952 0.3079061973256601 3.03549938236504 0.3130622890184581 2225365721.3953 2 0.2065359317566046 -2.23023093507003 0.2047125390339365 0.1802366744907293 -0.7684664566179303 -1.555631353186416 0.1069064566929945 0.2281814155653626 0.6808135461529805 0.027240219 70000.5479212419 0.6632308304660762 4108.27351439118 2 True 0.1091650092861566 52.11656276769988 -0.903817690069805
0.0865869556638496 408.3579451818352 1.3718282658533572 1.1379371461907617 -0.0074397420747127 -0.0144310235810024 0.0009885244749568 1.4906106990872177 1.2364676594162285 12.168047280273212 12.197588545823765 434.7215990554978 1288.0320790997018 0.8029296052090237 4.296286442544883 2.014396608516368 1.096574874526936 0.2238516345259907 2225008793.8657045 4 0.8029296052090237 -2.170178164632653 0.1811939985334928 0.2302820922561193 -0.6834672367059322 -0.9669783441361924 0.100893273953284 0.3853885710826767 0.5552773496590979 0.5205379 69996.41681557528 0.0865869556638496 408.3579451818352 4 False 0.0450564433193033 52.14749222688386 -0.169468999285848
0.6133224163634639 3735.962854103096 1.8643629058026816 1.307677007858956 -0.0360611089570227 -0.0383657308958976 -0.0327753957197973 3.007818468167992 2.109704630141956 11.846047485772171 12.179863786493437 47.80163023544214 579.5175016859572 0.4754791852924975 2.905171648624129 2.20691604018648 2.21544353940448 -0.2335253086253574 2231117316.047624 1 0.4754791852924975 -3.482014318363706 0.2422583580567033 0.1594493688640542 -1.0 -1.797810725751776 0.0773288465546941 0.2115681400408966 0.7783336320825677 0.05054039 70067.11730379195 0.6133224163634639 3735.962854103096 1 True 0.3516866205369183 51.04330602372262 -0.9605544461209616
0.4665425143904971 2689.1815191503533 1.4876825063055972 1.2592737621998538 0.0046962531840484 0.0224198550835315 -0.0162420791199014 2.181749643412167 1.8467785095225544 12.134074824890074 12.187249102881072 259.80976987165167 723.9597949175518 2.9781407206332084 4.584274165397453 0.4012461252144252 4.807514819149027 -0.7214377805643981 2233362561.305828 2 0.1634519329565846 -2.1080412414180345 0.2074288259640426 0.3095130683793788 -0.7091493526832574 -1.210179555477449 0.1112543025270211 0.2215665258396657 0.682090475007332 0.09582688 70093.10393872486 0.4665425143904971 2689.1815191503533 2 True 0.3540252880395979 51.02027848760833 -4.068281800550241
0.1578535055957552 779.3767468975068 1.745781585532325 1.3515562458533807 0.0174499791027806 0.0116774330126854 0.0249062760172769 2.0213593288131184 1.5649041372711754 11.978983180749664 12.172478470105794 83.03365839540437 474.96006820438834 0.3076606193457346 2.4298978778680933 1.0428977152128145 2.046778720440903 -0.1180123273570859 2227766354.369481 1 0.3076606193457346 -3.453744800213688 0.242264024287535 0.2144761250597939 -1.6351624004248475 -2.3407492849281666 0.092224994082605 0.3371054303337994 0.7797590301244609 0.09829473 70028.33302510974 0.1578535055957552 779.3767468975068 1 True 0.0621875678639387 51.89323807277383 -1.4252636801146252
0.5186793212652637 3052.265668729974 1.4555983194141038 1.337393268810432 -0.0519302871268525 -0.0356191244708795 -0.0696831063636674 2.21058706776267 2.0310715017417595 12.145891331110295 12.175432596660851 298.885451970661 506.5809361967274 2.597860909969292 0.4214134829682652 1.4303907846165178 3.48763815271926 -0.1000107753090265 2232991880.7403746 3 0.543731743620501 -2.226627161706638 0.2121581433797721 0.310816572207116 -0.7695957624938194 -1.067109069479283 0.0560818357727067 0.3016346131555645 0.7083003020647535 0.037013963 70088.81365440249 0.5186793212652637 3052.265668729974 3 True 0.3408333800182858 50.91971715348419 -1.435708154430506
0.3093162558349421 1660.529318248869 1.5571481128544695 1.2525009240387666 -0.0223594222092598 -0.0642127189650399 0.029673898333012 2.03879933690306 1.639919820292243 12.106010622617047 12.187249102881072 191.78161446798484 748.0228684214591 0.0366129474449994 4.183581735150454 3.098371320061689 1.2158067889471988 -0.9579378853508804 2220376995.8054347 3 0.0366129474449994 -2.015598090497518 0.2148266053864925 0.2759000979468021 -0.6429522303171823 -1.0244443297099095 0.1472825176713443 0.3817633778684324 0.6988471973198034 0.01151906 69942.80804172957 0.3093162558349421 1660.529318248869 3 True 0.2323036044431273 51.22616325667553 -2.579743424355594
0.3540058159033648 1942.061762241691 1.4622338630222758 1.2507099246528302 0.0177146682417644 0.0373635210762303 -0.0052572594752658 1.9798731547430053 1.693468511987991 12.142937204555242 12.187249102881072 291.19057944132925 754.0929752843857 0.6071401319317687 3.535151305225688 1.512987920579422 5.616681781052535 -0.3968312853863975 2237229682.578487 2 0.6071401319317687 -2.1307527137129854 0.2036414417097367 0.3203543938732663 -0.720827353393655 -1.349275787532994 0.0992319102490454 0.3864151486385106 0.668965417014094 0.04895355 70137.86228678805 0.3540058159033648 1942.061762241691 2 True 0.2632807760557755 51.284338638467226 -4.951931435820915
0.5229589672154044 3082.5130556509234 1.822498237516682 1.2657718884806686 -0.0038434995093989 -0.0313733284920116 0.0357948154639026 2.7755900335603005 1.9277186480108108 11.899221763763167 12.185772039603544 58.45064212162365 703.5591159546545 2.8293439929853417 2.6146661716973507 0.8140394554683265 5.965575268643937 -0.4759434339923542 2239163591.1449347 1 0.3122486606044516 -3.404290344189084 0.2327347174108454 0.2223722504685592 -1.0 -1.5797660535294045 0.0634047035033729 0.2516321193428276 0.755063555267035 0.021405187 70160.24548778859 0.5229589672154044 3082.5130556509234 1 True 0.1937488635644653 51.46848366461098 -0.6278382935647571
0.9489460602251584 6371.861592761134 1.7502988276230955 1.2718154667219634 -0.0059482979848454 -0.0242607200778827 0.0192536371693128 3.4112380043127457 2.478699743201192 11.974551990917082 12.185772039603544 81.6670261869293 684.5108268053212 2.987586665926645 2.8109458889278085 0.6261448885324196 6.059717122411763 1.230044172888455 2238192367.0185337 1 0.1540059876631485 -3.353355222187384 0.2303049747369765 0.3063124261027161 -1.0 -1.6222670647859578 0.1024124219204468 0.2876263195319355 0.747614571461679 0.47335145 70149.0044678071 0.9489460602251584 6371.861592761134 1 True 0.0922253157475359 52.10616839669861 -0.164127079863424
0.5936021436839226 3591.024030906735 1.652644148106908 1.2568363273156953 0.0180389901917529 0.0123495527682226 0.0255201675413125 2.6336572571698587 2.0028970654701204 12.051359281348525 12.187249102881072 125.85483389658036 733.2561294414669 0.1296542225690709 1.2247826646174806 2.26032872658348 1.9754587901252845 -0.84641613739613 2238611287.0671444 1 0.1296542225690709 -3.2682747596199646 0.2238154734596924 0.2525024839831074 -1.0 -1.892620656673187 0.0511937354256948 0.2908169677446697 0.7232410447378346 0.2650424 70153.85307948083 0.5936021436839226 3591.024030906735 1 True 0.0906662246668092 52.166208111409205 -0.7798525207622156
0.6520467889653631 4024.1730108837646 1.4716219851637469 1.2612048118843149 0.0266980841495012 0.0519813379030099 -0.0028033828045831 2.4311883751606014 2.083569359701148 12.139983078000183 12.187249102881072 278.52180341346536 718.6287176957062 0.1018010822420979 4.463445655042398 3.0163147416182423 0.1746509888503048 0.064297112231541 2223458252.2840834 2 0.1018010822420979 -2.130690372765341 0.2058147034661869 0.2265996067756198 -0.7230449997412512 -1.2408835770973838 0.1499640328228117 0.2764245527334242 0.6777912128812897 0.024439668 69978.47073245466 0.6520467889653631 4024.1730108837646 2 True 0.1288593838345513 51.78756879975581 -1.7013070738236955
0.8055123500499503 5209.437975873717 1.911732608018544 1.2092590122015074 0.0184005913073442 -0.0553729760680133 0.1350301412534418 3.4516568337706817 2.183332080939025 11.775148448450844 12.191680292713654 37.82595773759195 914.3383468918591 3.0040363020321945 4.609224926512348 1.857180314076565 5.549114409333877 0.0455781803961545 2234740198.7901416 1 0.1375563515575989 -3.4378623190036914 0.2268698292022503 0.2341902557721321 -1.0 -2.634710504267674 0.1030533738831813 0.2129775248996533 0.7374257019269073 0.075023144 70109.04881701553 0.8055123500499503 5209.437975873717 1 True 0.1001467539142719 52.15815024546039 -2.020962669084489
0.4300345663917861 2441.122013661961 1.7610303117010142 1.3353099937603428 0.0298834644256166 0.094511160191251 -0.0553486777364976 2.518334218196152 1.9095394479256904 11.964329927372468 12.175432596660851 77.51082786403849 511.13166628316617 0.1412302694031921 5.902781712818062 1.8432202156643889 0.7526958431553037 0.3279325997009054 2237892277.2347045 1 0.1412302694031921 -3.4403291981934303 0.240751717762267 0.2185227559363211 -1.4508770023265811 -2.2021804840327657 0.0976098826382349 0.2142795852190491 0.7759111441092278 0.17679797 70145.53120642019 0.4300345663917861 2441.122013661961 1 True 0.2025586841099224 51.031214970653714 -0.2505918717078614
0.1106697866660268 530.3586548178018 1.397227893173309 1.3842043643085489 -0.0164249945948167 0.0445950752920958 -0.0780191824819272 1.5518588060346217 1.5373939660087594 12.162139027163102 12.165093153718155 387.2170187250733 410.4501848669796 2.349667442971369 0.0890747750598933 0.2407404896968074 4.408800043066337 -1.499066421492928 2230372179.6415725 3 0.7919252106184241 -2.2772483900784897 0.2107975035627484 0.2068637432486889 -0.7499378214666731 -1.0744773287122786 0.1305714560624334 0.267712773003875 0.7066945410609337 0.124521874 70058.49303983302 0.1106697866660268 530.3586548178018 3 True 0.1154677499920116 51.74176089932673 -3.2978433968231355
0.2424490671668759 1256.9640671266052 1.968989660891872 1.2530905111306236 -0.0191620904314987 -0.034360259923423 0.0047188968780938 2.4463693674363296 1.5569011366299073 11.668799892468847 12.187249102881072 27.964537010985435 744.956181445564 0.7141490921119655 4.908524605344453 2.872700372512004 2.3694296504597574 -0.5650315881760979 2226837256.616095 1 0.7141490921119655 -3.5252950481416074 0.2397403796817699 0.2680590538560758 -1.0 -1.5663238048747217 0.1324124950090647 0.2819338810347527 0.764768538731276 0.2402837 70017.57957888998 0.2424490671668759 1256.9640671266052 1 True 0.1049469313652444 51.97535256205556 -1.864226481916636
0.4615940341329453 2655.252592278322 1.7306873723005651 1.4121161421876205 -0.0607795897044562 -0.1001705180463092 -0.012502128504396 2.5295623383037293 2.063940528924256 11.992276750247417 12.157707837330518 88.86560070472795 362.3791003667934 3.033356968185535 4.166974546185172 1.8225041662419523 5.399281375391888 -0.2013979029399783 2234018098.804909 1 0.1082356854042584 -3.5408514109442843 0.2494463508403333 0.2104837618954086 -2.21179344122876 -3.029044861909816 0.0646513735122013 0.270815777383382 0.7981262557328929 0.07211063 70100.69117829757 0.4615940341329453 2655.252592278322 1 True 0.057306560068726 51.43237600251947 -0.7724853248771613
0.1752035960777076 874.1552210458804 1.2723138636453477 1.2301160647327132 -0.0120397835308328 -0.03244860554463 0.009069141011557 1.4952278278955349 1.4456368228668428 12.185772039603544 12.190203229436127 681.8914128542013 829.6643787645565 0.8546799811208569 6.11906657420779 2.33888876477467 0.9349422836644156 0.4824521574561042 2232293293.7211647 4 0.8546799811208569 -2.433955068044175 0.1810769734567794 0.2848510015029407 -0.7608943775781956 -1.0493421879319993 0.0633299257546508 0.3180124346770841 0.5664475359187829 0.18325222 70080.72815649497 0.1752035960777076 874.1552210458804 4 False 0.4009627419483865 50.446052581506905 -2.223982348051348
0.2419696436045146 1254.150785163853 1.645171585847598 1.1079460166815576 -0.0204164948308894 0.0103137431597101 -0.0660473411061369 2.043253168143416 1.3760353194710355 12.056432540692178 12.199065609101297 130.0107454103065 1493.286276186473 2.258692106926072 5.999260844406302 1.9229644915811137 2.0693628893392915 0.8040504192078931 2221262289.6244774 2 0.8829005466637213 -1.7061939371778858 0.2100127031616435 0.3438539239691713 -0.4562488666470826 -0.8332401277188 0.0977642918108832 0.3225284971452087 0.6319389989703638 0.089000486 69953.0544979685 0.2419696436045146 1254.150785163853 2 False 0.098949064148308 52.08711250010168 -2.1125033947010907
0.1853421626038434 930.3147112008644 1.559116307944144 1.2548725219872712 0.0097940346188026 0.0427904544014613 -0.0312023656413949 1.848086296209432 1.487453309004531 12.104533559339522 12.187249102881072 189.83862495792232 738.8043382420133 2.7849684112893685 0.9564941077342634 0.0872148294271332 4.835680752202255 0.5785767733441183 2233746788.9925427 3 0.3566242423004248 -2.016969480125864 0.2153248622478502 0.1778871743930098 -0.6438481420012737 -1.042267628966998 0.050905107375487 0.2063001873235805 0.7006403030690299 0.0802307 70097.5510184322 0.1853421626038434 930.3147112008644 3 True 0.1133110065036231 52.07997095678904 -4.465010721745147
0.5010794418067988 2928.571783764005 1.895113310419936 1.3244518783926609 0.080267016078274 0.1346181535692864 0.0024978152669293 2.8447156301657923 1.988107486317621 11.801735587446345 12.176909659938378 41.09314117397933 537.1431657173903 3.0528614974760604 5.4906880904130535 2.5075427932251 3.011871510034952 0.3626367295004342 2235516190.768542 1 0.088731156113733 -3.5240229930002998 0.2470049966177888 0.2011074415399606 -1.0 -1.838672562674784 0.071553861173393 0.2793349203807694 0.7883994548682107 0.020349631 70118.03020565442 0.5010794418067988 2928.571783764005 1 True 0.1470190461942322 51.86822828252226 -3.5196922242546536
0.4633361419806712 2667.186460693146 1.384001601311913 1.2845754183836755 -0.0161963718651738 -0.0308825378053922 -0.0003734961604762 2.025259563758846 1.879765636820775 12.165093153718155 12.18429497632602 411.4076854498376 644.7961278314776 0.2470984078984737 5.624362679517386 0.508807860257429 4.192725978662375 0.7005147190055211 2230517688.357171 3 0.2470984078984737 -2.2603251080718185 0.1987227565438092 0.1585504384081332 -0.7697270210308477 -1.049590708934221 0.0955929123274378 0.3818211979859731 0.6568048720891987 0.016237592 70060.17716848578 0.4633361419806712 2667.186460693146 3 False 0.0974756455710485 51.72015027329893 -1.7778562730653258
0.4577155085934149 2628.7259578708617 1.738776691405779 1.169387351731571 0.0285506027319282 0.0401447892731422 0.0113110616304941 2.53464174904295 1.7046340781720934 11.984891433859778 12.194634419268713 85.65326314617714 1106.342264493519 0.1917441322217563 4.303019239478283 0.3761755811873265 0.7822512375839706 0.7864601308389122 2227689756.201368 1 0.1917441322217563 -3.2405097612931915 0.211002178365356 0.1566466766906018 -1.0 -1.920358261237856 0.0962365371188499 0.2472178332355773 0.6918612671027767 0.2645971 70027.44647223805 0.4577155085934149 2628.7259578708617 1 True 0.2681349839167309 51.14910900723024 -0.4989438817270359
0.4477903438430656 2561.111275963223 1.5128485545407204 1.2955588153900857 0.0354520681367595 0.0029487770544364 0.0734067764429998 2.190287528960994 1.8756975428025269 12.123735381947382 12.181340849770962 232.6498383632752 613.6030871333985 0.3219628597665667 2.497065340422279 2.588937212340713 3.602993198302166 -0.3564859166285639 2208856866.436409 3 0.3219628597665667 -2.125919087551001 0.2142150624267526 0.3472991454595774 -0.7228362282299493 -1.077119537587122 0.136095066834482 0.2225838944749295 0.7074419117406572 0.09511559 69809.47321106955 0.4477903438430656 2561.111275963223 3 True 0.3302209452726296 50.87277342325248 -0.2465781620185856
0.8194547338764507 5320.261695795677 1.5456696821068692 1.268694283571715 0.0164828845031896 0.0185993622251083 0.013904347270079 2.812276020118652 2.308331820086549 12.110441812449633 12.185772039603544 201.95522910181504 694.1516648856998 2.9535839053899595 0.9576217751117164 0.5229308386098964 3.268933935111922 1.1907797809617486 2221515540.9670434 3 0.1880087481998336 -2.0524581562656024 0.2151893757436893 0.1510770238121106 -0.6705122779243894 -1.0354371257800878 0.1181416608014469 0.269741893803977 0.7038291603028861 0.014064347 69955.9856477667 0.8194547338764507 5320.261695795677 3 True 0.1081049503270718 51.92480064489749 -1.0551283016771378
0.2630585159646805 1379.001780360899 1.9878662168246928 1.3172989769652474 0.0128558983560808 0.0418080587348886 -0.030834275649604 2.510791353758921 1.6638256909275173 11.626308481706833 12.178386723215905 25.27528010165252 555.437514385787 2.7875989639439664 3.604059657299729 0.3229505802363044 4.725142574174283 0.1855498860720306 2234509939.684576 1 0.3539936896458269 -3.594842750014237 0.253124450327061 0.3377365666669619 -1.0 -1.432571222696727 0.0737665399289517 0.2667306344044767 0.7942221040848101 0.15622485 70106.38378107148 0.2630585159646805 1379.001780360899 1 True 0.0618764926054344 52.46147436369476 -3.672094075374389
0.7907848468096291 5092.911649964844 1.950082929771852 1.3132209587824202 0.022106350224755 0.0198786078617879 0.0254144624848421 3.492178960657558 2.3516961935003704 11.707203537684569 12.179863786493437 30.982182812887658 565.7242492548966 2.985242976556911 0.1121036918142476 1.37388106393238 3.345306554126253 -0.7479232348495118 2235574295.210185 1 0.1563496770328825 -3.5585014982015224 0.2491503784695554 0.3295308827596322 -1.0 -1.690362141718289 0.1113639384330696 0.3378646520848276 0.7893127495596303 0.08661199 70118.70271076603 0.7907848468096291 5092.911649964844 1 True 0.1632027396293429 51.67298486984888 -0.0302674812730563
0.295493238758551 1575.322150122096 1.4805459942560706 1.2480291052859322 0.043652537186833 0.0964402421860874 -0.0189699007447819 1.918037325229796 1.616813267671809 12.137028951445131 12.1887261661586 267.94907023854574 763.8139827862905 0.5465901781589295 5.160871452664543 1.187854112822059 0.030847926860824 0.6638472603392892 2209093769.446373 2 0.5465901781589295 -2.103224634140902 0.2053955541327566 0.2494528935818668 -0.704084759823646 -1.0156527170681449 0.1063416469647743 0.3460947948185838 0.673792644712599 0.08890199 69812.21514405524 0.295493238758551 1575.322150122096 2 False 0.2494037655757964 51.07030746757379 -3.347377584900189
0.1130889394043004 542.8076609281528 1.8953336732512576 1.2863292020779156 0.0019281072420428 -0.0361393906761499 0.058018422648256 2.1096749481765 1.431798807265687 11.801735587446345 12.182817913048488 41.02046138235875 639.100417544562 0.5771828755670472 3.1904985460735644 0.8296314753502575 4.361157111081129 0.0913060961972231 2234528560.744852 1 0.5771828755670472 -3.4866342978820057 0.2405450308971854 0.2660420058027042 -1.0 -1.6221362339945222 0.0920564204402889 0.3082683043177694 0.7727354700993142 0.077015504 70106.59930260245 0.1130889394043004 542.8076609281528 1 True 0.0357199098728208 52.99639566312123 -2.167138728433751
0.0999787992298797 475.7642339149993 1.72417896988499 1.1537305874787291 6.721328315248656e-05 0.0262698695822472 -0.0390910351297219 1.8965603129515023 1.2690791862496362 11.998185003357523 12.196111482546238 92.0977754106914 1192.486233617473 0.5387831356552856 4.023802319974202 1.8990644971244208 0.9313227733999208 -0.17315073944793 2232860101.1726418 1 0.5387831356552856 -3.21272066279844 0.207318735450826 0.1558432206594533 -1.0 -1.666375004706504 0.0763745277054354 0.3782663405467147 0.6795713613461271 0.04645104 70087.2884279241 0.0999787992298797 475.7642339149993 1 True 0.0983067708609438 51.95735405647361 -1.1016625226629897
0.1863026264061827 935.6642265601688 1.5978818575022034 1.3080987002263902 0.0351039296260392 0.0141518441337902 0.0606975314537192 1.8955714442416536 1.5518009236770804 12.085331736731662 12.179863786493437 159.96249598283006 578.785869375338 0.2119368723733549 2.333774590795919 2.0648065546037606 1.6443195168165667 -0.3328165313493497 2230988106.265412 1 0.2119368723733549 -3.322255756601075 0.2288916447490866 0.3175638262227858 -1.5567388776232045 -2.3005588952997584 0.0628560837907735 0.2398486969757915 0.7349318832043215 0.081216276 70065.62182020153 0.1863026264061827 935.6642265601688 1 True 0.046608653174257 52.15074804934401 -3.5961319828326466
0.1018605236027398 485.3233334053732 1.708180256328412 1.495288011160856 -0.032978485385137 -0.0437048969504343 -0.0207248965645665 1.8821763916458865 1.6475988309146004 12.011478572855276 12.131491392415652 98.75025055418182 250.92543964065268 0.7686614031146597 2.306437488216576 3.078041670642938 2.516494552758537 -0.0732709621095096 2235769035.9447064 1 0.7686614031146597 -3.7018771457833206 0.2576162945567172 0.3020153844896285 -3.0237121137097014 -3.5987598357992696 0.1499748674292751 0.2140853669313096 0.8182455054914857 0.04196206 70120.95665445262 0.1018605236027398 485.3233334053732 1 True 0.1205197370052767 49.78946109276226 -4.127655202401273
0.4129049996815354 2326.567761650765 1.6502394830768088 1.1559023913509503 -0.0092784717494112 -0.0192418999315329 0.0049459495304175 2.331631616311096 1.6331802678836005 12.052836344626051 12.196111482546238 127.16391438569106 1180.7960480066788 2.6365123586740373 5.297527789468086 2.5794279113138305 2.969233839779325 -0.753675602446555 2220198914.618093 1 0.5050802949157559 -3.147810782440128 0.2059561543585146 0.2593604652614244 -1.0 -1.6165274353701795 0.1182362925507674 0.2334653444415853 0.6661592946198962 0.098214634 69940.74691687607 0.4129049996815354 2326.567761650765 1 True 0.1245549440937299 51.686691471328494 -1.93926710756952
0.6448727966063127 3970.427638560158 1.4290691781117584 1.3493615878801344 -0.0228985192591957 -0.0080206939224897 -0.0386551865728242 2.350637015544573 2.219528168689532 12.153276647497934 12.172478470105794 336.7824194520268 480.190814702627 0.1236022538746629 4.9783751641692815 0.6596230408393731 5.977896961729679 -0.262282164431349 2226640227.324245 3 0.1236022538746629 -2.2536453057322854 0.2105319765149531 0.3223132160142865 -0.7695560018575297 -1.4739680322657476 0.0793069925388669 0.2027943781946185 0.7042419392830706 0.040263493 70015.29914727135 0.6448727966063127 3970.427638560158 3 True 0.0873541308996866 52.32927647384588 -2.114841834899481
0.059977412231446 277.7217813608225 1.9022995704800985 1.19619384568338 -0.0909591597200282 -0.0522964729479452 -0.152444188008334 2.016394576006486 1.2679384570746508 11.78991908122612 12.193157355991184 39.6939290850136 973.1616127569838 0.7493072270531477 0.5039824125397289 0.2595775826306081 0.1526165231730957 -1.1493335830975029 2228612795.0926447 1 0.7493072270531477 -3.4191144722373488 0.223571014707513 0.2024023986145086 -1.0 -1.7809428411546593 0.1100740913904975 0.3910333727300365 0.7293701525577952 0.01595096 70038.12979273894 0.059977412231446 277.7217813608225 1 True 0.1253762488060221 51.83003303839139 -0.8619181013046298
0.2741450247469308 1445.5277588375243 1.5177998524204073 1.1988238737767365 0.0347999442874219 0.0708671734446574 -0.0108638402680232 1.933897130523088 1.5274754743204717 12.122258318669855 12.193157355991184 227.47955314293824 961.209239151842 0.5389341407395538 4.255751151370615 0.9245062183812032 3.339418081746411 -0.2268003317507902 2236496580.3824024 2 0.5389341407395538 -1.988150887626143 0.2043000015617774 0.2172724167576842 -0.6176593822114509 -1.4830543214201803 0.0790050287469216 0.2722080075918118 0.6577618354461171 0.04873439 70129.3773076667 0.2741450247469308 1445.5277588375243 2 True 0.308552599720423 51.358339647609874 -1.1408585961706723
0.2020196899850314 1023.9169647300662 1.8941126987285664 1.1901174251118671 0.013973252536066 -0.0068012441588569 0.047036576515084 2.276760758922422 1.4305445783787505 11.80321265072387 12.193157355991184 41.48516159655574 1001.9253354757076 0.4174204908489059 2.1421230479504487 0.3095466401910702 1.4127674995472377 0.1211897732266531 2219371220.972845 1 0.4174204908489059 -3.406464333536405 0.2217993536270662 0.1649068953321722 -1.0 -1.4798061221287528 0.1432114025967032 0.3412733248079361 0.7251062607320807 0.52828777 69931.16712931533 0.2020196899850314 1023.9169647300662 1 True 0.4255392491758543 50.6386893789928 -1.6113505420013796
0.0763973605012343 357.8099839263147 1.3916508869010842 1.2495077042467695 0.0070924675746717 0.0458321683269249 -0.0360542363047213 1.497969341399529 1.3449667947771795 12.163616090440629 12.1887261661586 397.91133681156674 758.684618597537 2.110859482640164 4.83022017814164 2.9144935327550154 6.258397367236706 -0.2420972101289147 2237060744.093634 3 1.0307331709496292 -2.2302217975307106 0.1957632397526129 0.1693208691250768 -0.7604120291807775 -1.2012728651311266 0.1318243946849852 0.2945323170156809 0.6409446003678133 0.030002274 70135.9069802504 0.0763973605012343 357.8099839263147 3 False 0.3380057560841497 50.8090544254371 -1.8831440502548265
0.1213460681068251 585.5619491485129 1.2664306621689012 1.1647948522152056 -0.0198328180304921 -0.0245859826019411 -0.0146649094119316 1.4201070435530203 1.3061381276825912 12.185772039603544 12.194634419268713 700.2921892540724 1130.4389296825132 2.866379549522147 1.623451884860063 2.649191618967999 3.988595900152273 0.7253093057707379 2233881561.619835 4 0.2752131040676459 -2.48981591501273 0.1734063707954499 0.3259176867639344 -0.7683174173706077 -0.9863125968216137 0.0767672352705776 0.2718843937642324 0.5127402281241219 0.024068482 70099.11088680364 0.1213460681068251 585.5619491485129 4 False 0.1259892845663495 51.05965825903217 -3.0671072241234194
0.2896233698056503 1539.414582957331 1.4152298505456753 1.3704279742397598 0.0812516196275709 0.0410280837284233 0.1227901388120968 1.8251134889102607 1.76733594221501 12.157707837330518 12.168047280273212 358.2176440673037 436.4645454601536 0.1695518824198855 0.3708491248311896 2.5661293988811784 3.167197128084722 -0.6270475818173485 2235434083.715595 3 0.1695518824198855 -2.270102576452796 0.2112665667827666 0.2269758812976572 -0.7618775121120073 -1.0761792285731986 0.0975688586672983 0.23617849957042 0.7078775256343841 0.069234975 70117.0798925416 0.2896233698056503 1539.414582957331 3 True 0.21617888294148 51.23827731695116 -2.948296264470629
0.0690742376983567 321.8816732231522 1.3497435099816406 1.2828186018626004 0.0437314111165679 0.0209378440194365 0.0677141232584203 1.4429760140219263 1.3714283188915313 12.172478470105794 12.18429497632602 478.77726777589726 650.2967952702709 0.3060283242785908 4.685646891654929 0.8660215835935183 4.676822056035936 0.2848665782571187 2239129166.304215 3 0.3060283242785908 -2.299823072239484 0.1948775312913285 0.3287853529223228 -0.7670402428553358 -0.9911051927528612 0.0659623445614125 0.2911570882440358 0.6406639453768079 0.09814946 70159.84705213211 0.0690742376983567 321.8816732231522 3 False 0.1353414061547311 51.444866652829546 -3.931956437479968
0.4280265508328761 2427.631726715068 1.4127565496140926 1.3682381717484575 0.0074104587732463 -0.0183068716566981 0.0339645542178027 2.017453862711968 1.9538804371198304 12.157707837330518 12.168047280273212 361.6360644353354 441.22453078910274 2.816254878078729 2.690436529503697 1.641405285727021 0.241651401067295 0.2085431001400699 2226832902.837751 3 0.325337775511064 -2.270211527504429 0.2107784344052339 0.3094458030134781 -0.7617358660546035 -1.0128708597990046 0.0511866224481621 0.3718973911337491 0.7061244490044692 0.050400075 70017.52918793693 0.4280265508328761 2427.631726715068 3 True 0.2843306983923299 51.02235087128706 -4.456313248077547
0.3274403515949038 1773.6056721451146 1.937339987431932 1.1785671782076914 0.0090852036390092 -0.0173278846173334 0.0525032904623671 2.5717032740755106 1.5644776294182317 11.730836550125012 12.194634419268713 33.33267285533803 1058.2848390470108 0.234412345098185 4.259066207250596 0.019819347638655 0.9403981344686072 0.4801128699119023 2227626626.419044 1 0.234412345098185 -3.4429059914127023 0.2218956915928145 0.2761455040828581 -1.0 -1.5303831569750064 0.1251867699687508 0.2606182214386706 0.722947629028645 0.19800828 70026.71580346116 0.3274403515949038 1773.6056721451146 1 True 0.1457846082088814 51.598490513702274 -0.9847163176103066
