redshift luminosity_distance mass_1_source mass_2_source chi_eff chi_1 chi_2 mass_1 mass_2 radius_1 radius_2 lambda_1 lambda_2 theta_jn phase psi ra dec geocent_time prompt_collapse inclination_EM log10_mej_dyn v_ej_dyn Ye_dyn log10_mdisk log10_mej_wind v_ej_wind Ye_wind chi_BH Ebv trigger_time redshift luminosity_distance prompt_collapse has_grb thetaCore log10_Ekin_iso log10_n0
0.3072860394549018 1647.9581819898672 1.3477702830384473 1.2147677747901071 0.0240501161978853 0.0457268859744714 0.0 1.7619212754083438 1.5880489531628037 12.172478470105794 12.191680292713654 483.3762910651602 891.7026624846009 2.695538193825413 5.355429507099613 1.668303367939345 2.256201989962788 0.7642633686756634 2226693316.3166537 3 0.4460544597643802 -2.285004025057532 0.1873278764464619 0.3338087095438941 -0.7621016598246734 -1.027938766863059 0.0995768757250562 0.3394836305190515 0.5991967199142122 0.025501212 70015.91360320202 0.3072860394549018 1647.9581819898672 3 False 0.23024885948369 50.8127304745368 -1.1127645550115304
0.2799464957143862 1480.581147009051 1.4180591798641515 1.3197140905368263 0.007817789631947 0.0 0.0162181609194278 1.8150398779827368 1.689163425527509 12.156230774052991 12.178386723215905 353.98651824517407 548.8394009932513 0.6463871196665282 3.899723407192413 1.0576956549501193 0.2913647331353387 -0.5150431783878723 2225492309.797459 2 0.6463871196665282 -2.24403940775696 0.2061692322245045 0.2161918576111973 -0.7702602721656502 -0.9980244082971932 0.074876170528512 0.3164677886045379 0.6873545733826477 0.022522036 70002.01306478541 0.2799464957143862 1480.581147009051 2 False 0.0833502782289997 51.914591534859774 -4.033112402285664
0.0675178068121922 314.28899940556977 1.3694151094539848 1.3460439825090091 0.0018087376552555 0.0 0.0036488801070113 1.461875014259796 1.4369259200807665 12.168047280273212 12.173955533383324 439.4340199860591 486.91215167792745 2.6873422918819565 4.6341186984351 1.4606956433591538 4.056937116716585 0.7120579779282747 2221563938.0208287 2 0.4542503617078368 -2.28409531110814 0.2037277811580436 0.2498918995378215 -0.7535879590548162 -0.9402293255399468 0.1051218015744362 0.309794949540658 0.6799953848327193 0.01901559 69956.54579885218 0.0675178068121922 314.28899940556977 2 False 0.1973059845945435 50.85794199062727 -2.580300748215823
0.1859315193956661 933.5966651520488 1.3840533326017812 1.3210135312480653 0.0018272035508617 0.0 0.0037416026876538 1.6413924716570656 1.5666315842552525 12.165093153718155 12.178386723215905 411.153155186712 545.5612829319878 2.896290628927912 5.295423444544412 2.3772798831926365 3.186113917860092 0.809313929643364 2222384968.7898874 3 0.2453020246618811 -2.2726825285170174 0.2026253369553175 0.2911385825524079 -0.7662655004048942 -1.2054160458500838 0.0631859447107096 0.3286483804882121 0.6747558381637065 0.013884742 69966.04846979036 0.1859315193956661 933.5966651520488 3 False 0.1137390676155067 51.90177071059552 -2.8779931138793327
0.6194416766812837 3781.192400146564 1.570542081483745 1.2661959693083558 0.0072736694700542 0.0131378173166137 0.0 2.543401301736549 2.0505305235438067 12.098625306229412 12.185772039603544 180.3569868024729 701.5334319260588 0.0759260310623509 1.6610512658492147 1.141712131283922 3.797059811987991 0.3310393045265163 2230648688.865888 1 0.0759260310623509 -3.2414619466649994 0.221955907777968 0.3383495162090331 -1.160721839246348 -2.2513024184346846 0.0552293641763826 0.3678699768251856 0.7092034055407371 0.036957502 70061.69337807741 0.6194416766812837 3781.192400146564 1 True 0.0334522657781557 52.86530366838002 -3.147383419607648
0.2348099877395824 1212.2776692155053 1.3384820379030724 1.270116021050408 0.0179021947752674 0.0348899942018882 0.0 1.6527709888127442 1.5683519483811017 12.175432596660851 12.185772039603544 504.2101711775889 689.4960107850269 0.8850377627699506 0.1180823278914499 2.444215808602052 4.116602935590886 -0.290072050761744 2240055072.510669 3 0.8850377627699506 -2.313350393004325 0.1923155163383882 0.1502366574028703 -0.7673429676909017 -1.2088828388101476 0.0548603490893431 0.2747777524772561 0.6282345005049754 0.12644906 70170.56355915127 0.2348099877395824 1212.2776692155053 3 False 0.0648740476603204 52.30472841688023 -2.531399310129866
0.5437678585701281 3230.5133972996014 1.7608565486246004 1.2860622210523371 0.0242945794844635 0.0420384103920559 0.0 2.718353743319386 1.9853815209819088 11.965552113368473 12.182817913048488 77.54339602921776 640.7107566450865 0.0564227742504377 0.6731636754331745 1.3031549839520091 1.5303623661061625 -0.5659549284400998 2237970566.8457723 1 0.0564227742504377 -3.378299458935719 0.2331208782497081 0.1996243082955974 -1.02384489889539 -1.6554616341667634 0.0865056917788564 0.2590450459310092 0.7556325119746455 0.03765884 70146.43733617791 0.5437678585701281 3230.5133972996014 1 True 0.1173491473363646 51.88533986570646 -2.617121646116047
0.1760918764459486 879.052884826854 1.3785172568561226 1.2028788446117296 0.002526148182413 0.004730437023823 0.0 1.621262947329039 1.4146960374965438 12.166570216995686 12.193157355991184 420.89615557086495 942.91517459845 2.753417084268316 4.388975350640994 2.4889855587952883 1.4136046366409516 0.2377579918294055 2223914794.893844 3 0.388175569321477 -2.217613244457702 0.1892586249906865 0.2265985598199286 -0.7402466194216092 -1.1488738910922744 0.0774995243207808 0.2084670585289114 0.6064876550215063 0.45537454 69983.754790438 0.1760918764459486 879.052884826854 3 False 0.3542543916413924 50.7550215982427 -2.1161708551897904
0.3118866438722644 1676.4729582063676 1.3139099657519064 1.2079638482844652 0.0033004246049936 0.006334722015577 0.0 1.7237009353205903 1.584711638844932 12.178654422024438 12.191680292713654 563.9163662098997 920.5997189836124 0.684374875018785 4.984962811063911 0.631616026987864 4.395211494767987 0.6704511970996195 2227748950.5787435 4 0.684374875018785 -2.353282943339104 0.1830431927082419 0.1643607298134197 -0.7683140935608807 -1.1420395947915392 0.0600582176788725 0.2474833195831367 0.576209292205306 0.016898602 70028.13159234657 0.3118866438722644 1676.4729582063676 4 False 0.0597255634809233 52.22760959490415 -1.0611878311264555
0.2568893910754447 1342.2475005590777 1.379868890747237 1.328603593174986 0.0153103195725679 0.0300518256193893 0.0 1.734342569855244 1.669907761206356 12.166570216995686 12.176909659938378 419.2944264443562 527.5595804166405 0.3844618802327643 3.24178157692182 2.6611556432359373 5.304463387840105 -0.701766979002558 2227218798.62994 3 0.3844618802327643 -2.277271677289586 0.2029808994775838 0.2308921652105092 -0.7632999991528909 -1.628008933090055 0.1149613757346191 0.3421940350274395 0.676483786144583 0.05584804 70021.99557442061 0.2568893910754447 1342.2475005590777 3 True 0.2276332528694904 51.49945076796244 -0.6230443008988189
0.1674441841880073 831.5592468056884 1.3541684949510062 1.2768963248870844 0.0082215523657559 0.0159739628226838 0.0 1.580916133841179 1.490705188300467 12.171001406828267 12.18429497632602 470.5733280068237 667.539133939544 0.7741759226049919 5.949483134626083 0.8045122495173392 3.607113450176607 0.6827859074305802 2228257538.964263 3 0.7741759226049919 -2.2938661882132223 0.1947299414642147 0.1994937391718505 -0.7686584759038414 -0.9806224516944474 0.0941131711855811 0.3299913920094349 0.6394838264215983 0.013451488 70034.01803199378 0.1674441841880073 831.5592468056884 3 False 0.0565844838442627 51.9929884613596 -3.39851618486326
0.9047471500238832 6008.558171472346 1.3955350928887034 1.3907328804150092 0.0016258031976918 0.0 0.0032572203076638 2.658141490938073 2.648994490414995 12.162139027163102 12.163616090440629 390.65053628339183 398.45869889909926 0.2655671009239131 3.3900919307465864 0.2066692149557988 4.872777020223041 0.4185365223953937 2229784808.5783687 3 0.2655671009239131 -2.2778280228166685 0.2113200725368314 0.2591243636317582 -0.7464242567713248 -1.2833636864839053 0.1409739000272242 0.2992560876132 0.7085318722487055 0.11463031 70051.69476363853 0.9047471500238832 6008.558171472346 3 True 0.2376336204020769 51.36556725828439 -0.0441883297473886
0.1231121155939587 594.7588422666769 1.4224997742906471 1.2651723182293746 0.0034991141456586 0.0066112287733181 0.0 1.5976267309354977 1.4209303589175062 12.156230774052991 12.185772039603544 347.20844681498005 704.3549302469368 2.558249472706044 1.1849098790340369 1.680431710238342 5.636903986070277 -0.1595157170469043 2236756419.2621512 4 0.5833431808837493 -2.1987797966176275 0.2007992055429981 0.3243341922738683 -0.7551211738263266 -1.1231448931318289 0.120347241082573 0.2519379123542825 0.6621757946852546 0.03868778 70132.38470210823 0.1231121155939587 594.7588422666769 4 False 0.3491376432552612 50.742013951408325 -0.6352722765595367
0.2015416519188576 1021.213050995796 1.344945608647883 1.2925644018459903 0.0159328207074895 0.0312451104648424 0.0 1.616008168355791 1.5530699666055414 12.173955533383324 12.182817913048488 490.54371013575286 621.2577063501572 2.909035715292783 1.633021532146868 2.980252875321697 6.095641892961814 -0.7112333392616429 2228853120.290215 3 0.2325569382970101 -2.305011662261794 0.1954029877354258 0.3049917985899785 -0.7635938337892506 -0.9857220114947924 0.08738906334388 0.2461424682972987 0.6435109918529315 0.015557873 70040.9113343775 0.2015416519188576 1021.213050995796 3 False 0.3507119482544975 50.50549004662411 -3.4128292146755657
0.0947322251864311 449.2255093854779 1.344005260485884 1.1610953467259606 0.003635453904388 0.0067761474237688 0.0 1.4713258694739806 1.2710884925749215 12.173955533383324 12.196111482546238 491.647589234693 1151.3623526440822 2.0665722970475944 3.116129192943137 1.3872542096202964 1.165051353643181 -0.1179558961439063 2234193145.6507936 4 1.0750203565421987 -2.25937373782434 0.1809508596447815 0.3075046519538378 -0.730792282569574 -1.2287419596613232 0.1446911726355456 0.3523506166086863 0.5586731097623228 0.04814049 70102.71718345826 0.0947322251864311 449.2255093854779 4 False 0.2856060969860474 50.78719728648741 -1.9440629167479573
0.1817147506490954 910.1566894703392 1.333092458597608 1.248085186631358 0.0096288032929086 0.0186436069378926 0.0 1.575335022303862 1.474880675108905 12.175432596660851 12.1887261661586 516.7233471860216 763.4829033494212 0.7162273653406891 2.0627990517605306 3.1018433074703595 5.974225103974325 -0.7638428636994972 2239967169.8968983 3 0.7162273653406891 -2.320523564807889 0.1893896061948409 0.226825250690376 -0.7693383413383853 -1.033417176228851 0.0647434642823903 0.2000140827030178 0.6126667421515447 0.012222869 70169.54616778817 0.1817147506490954 910.1566894703392 3 False 0.0444108086038814 52.380908892135714 -3.2625344742079685
0.0919590307963652 435.2657504374426 1.3331940843837535 1.3009046564505882 0.0070736842011469 0.0139760465978317 0.0 1.455793320247131 1.4205345878162623 12.175432596660851 12.181340849770962 516.3036006811192 597.9738757269624 2.2111567545985413 3.624136321721806 0.0749194349330524 1.2502124995703845 0.3888115962838328 2233778552.068371 3 0.9304358989912518 -2.31473865848527 0.1950543407322995 0.2050024247348426 -0.7569208530491128 -1.0848726819194754 0.1162669245820794 0.260139947811761 0.6423079885063784 0.4792832 70097.91864662466 0.0919590307963652 435.2657504374426 3 False 0.2060543147938716 51.107270382000486 -2.967218050952603
0.401184448269564 2248.8807841503235 1.5244070982110085 1.2767594748069218 0.01122952690504 0.0206347605138543 0.0 2.135975518844999 1.788975520280275 12.120781255392323 12.18429497632602 221.0959897710551 668.4032194301507 0.7119589097841861 3.3125860317652163 1.021090173928922 3.881308223033998 1.2871351276543872 2231969165.020595 3 0.7119589097841861 -2.087561071036196 0.2135272659780417 0.2448326714284455 -0.6966580331792281 -1.553658936898139 0.126233290588288 0.235499255206508 0.7019141979455641 0.02273094 70076.97666690503 0.401184448269564 2248.8807841503235 3 True 0.3866307479223329 51.11649293368648 -0.6529797719722739
0.2762091340152744 1457.980560967914 1.5843776461065235 1.338064156445453 0.0098368230601335 0.0181443754813672 0.0 2.0219972236907657 1.7076496983541305 12.092717053119298 12.175432596660851 169.87179968240875 505.9521780732614 0.1101513252490687 1.5010273500043374 0.2060356262978434 3.3378739254354954 -0.1235257681819846 2226076093.414917 1 0.1101513252490687 -3.375780816502875 0.232054811928964 0.3437938735530048 -1.873153515857253 -2.7014585768294843 0.0695464369883492 0.3822924768162302 0.7441788987340081 0.025817838 70008.7698196171 0.2762091340152744 1457.980560967914 1 True 0.1087004301921601 51.16282249739592 -1.042845423975295
0.135612245490427 660.3792790578775 1.3998716425772182 1.3285167067764223 0.0387681816656471 0.0 0.0796186112245692 1.5897113794254871 1.50867984055392 12.162139027163102 12.176909659938378 383.45047423004473 527.6009711813106 1.210095347348531 5.579129544442316 2.4012348975548816 4.727051229768162 -0.525371235336775 2232734370.6089435 2 1.210095347348531 -2.26299996017282 0.2051210065287955 0.1780960531586312 -0.767964828045217 -1.152057532778244 0.0529161127680251 0.240547238843326 0.684446672323195 0.62595606 70085.83321306648 0.135612245490427 660.3792790578775 2 True 0.0468070745699639 52.66949918967516 -2.0260112486962805
0.1017627996476664 484.8263702662004 1.3804578361419122 1.3735023659138048 0.0048661192739729 0.0097077204881759 0.0 1.5209370903432728 1.5132738119918872 12.166570216995686 12.168047280273212 417.1222463346178 431.50943799264354 0.8087943444908596 1.5396522985441643 0.0354994392513132 1.3726099162841152 0.5034079048422394 2227993220.9756126 2 0.8087943444908596 -2.27932216153544 0.2078372598979849 0.2287468610256744 -0.7468997428985914 -1.178384647218498 0.0689376345518678 0.2028200784720329 0.6959934923544522 0.5569082 70030.95879601403 0.1017627996476664 484.8263702662004 2 True 0.0381603273469816 52.92195084800738 -3.4232220241930627
0.2498871736015165 1300.7611778615844 1.5004525660720551 1.2793866275481467 0.0161486276288664 0.0299180320797593 0.0 1.875396416930944 1.599088935849729 12.12964363505749 12.18429497632602 245.4349338247696 660.6791453725638 2.1427677414555726 0.2996963433426237 0.5520529692519223 0.4099964408771922 0.7250940965639298 2226754924.514387 3 0.9988249121342206 -2.118226217590821 0.2110442443183446 0.1610476318842629 -0.7177788340984751 -1.070843913853963 0.1160891313734381 0.3580230973900315 0.6961359496134347 0.060815677 70016.62666104615 0.2498871736015165 1300.7611778615844 3 True 0.1390227548533832 51.68216832068602 -2.9244538539831195
0.3627955630182157 1998.493557417028 1.3499987469762345 1.2848511910012974 0.0034754241732849 0.0067831330865573 0.0 1.8397723024593635 1.7509895022352382 12.172478470105794 12.18429497632602 478.2320162205742 643.4251219994184 0.1962198039941517 4.317104448076327 1.6214963302175611 1.1760841779982916 0.0715301398435467 2239115119.255545 3 0.1962198039941517 -2.299656329011415 0.1951184386291014 0.3493542569283848 -0.766687586178708 -1.2235539740813572 0.0586100880592331 0.3098211980913088 0.6419252436715592 0.32344726 70159.68447055029 0.3627955630182157 1998.493557417028 3 False 0.3235412868903891 50.95349913387401 -1.9055643233463293
0.2825677652063561 1496.4731160721428 1.3491303254556906 1.2518831662076724 0.0090671439525504 0.0174807157666342 0.0 1.730351066491829 1.6056249947824317 12.172478470105794 12.187249102881072 481.0495458765254 749.3273292262171 2.357745173475548 2.183699790190006 1.2159404429609308 2.385865643706 -0.4937667487123048 2233707047.634541 3 0.7838474801142452 -2.295929604191717 0.1915034824174054 0.2656613346650154 -0.7694827950120905 -1.0264000486286038 0.0647554055606659 0.3712714549154534 0.6229664589481791 0.16599375 70097.0910490109 0.2825677652063561 1496.4731160721428 3 False 0.1355006798817623 51.46598310533169 -3.744622269532544
0.0683506011163368 318.34968768610224 1.411412694827477 1.2960696141286383 0.0121453709035856 0.0 0.0253716131438483 1.507883600942164 1.3846567513429495 12.159030716463826 12.181340849770962 364.492744490476 611.1445494270384 1.882172137988496 2.786611942884909 0.9267662253262796 1.2403518998878216 0.5528783360768296 2234809185.791789 3 1.2594205156012972 -2.235648111224239 0.2029161879558023 0.2838630691281927 -0.7686535143508354 -1.1418608997349846 0.0536494002049034 0.2517675315859535 0.6736821414462212 1.6201366 70109.84727768274 0.0683506011163368 318.34968768610224 3 False 0.0715844117626486 52.26173992426041 -3.252970741327201
0.0678879462884906 316.0932523300928 1.3610123091974364 1.344918174237762 0.0171375765421296 0.0340724991715158 0.0 1.4534086397422068 1.43622190701283 12.170369076637945 12.173955533383324 455.047501904842 490.5756208801167 1.6499938084903074 3.347847936235855 1.5821374314978645 5.615662345688558 -0.2661513839984661 2230416231.790545 3 1.491598845099486 -2.28780916073738 0.2027045280532643 0.2166329526215194 -0.7504864467410248 -0.9512585438416304 0.0767930942238105 0.2848625019300017 0.6759579231775067 0.06616804 70059.00290266835 0.0678879462884906 316.0932523300928 3 False 0.0467592053877012 52.32432884206773 -1.9946338057516624
0.0723532636158672 337.9274852729214 1.3526332153065426 1.3464468694574714 0.0143544693829818 0.0 0.0287748913958798 1.450500642909195 1.443866694748087 12.172478470105794 12.173955533383324 473.76913053583377 486.3818512821504 2.3096716591894983 2.9601303146943865 2.164211472834326 4.138133395669911 0.9329260693231738 2210538698.4750824 4 0.8319209944002949 -2.290784777769194 0.2019642665055618 0.197400834544605 -0.74602304369391 -1.0908081426088247 0.0636850996179538 0.3007030045859363 0.6729793198337187 0.013431398 69828.9388596653 0.0723532636158672 337.9274852729214 4 False 0.09130744281584 52.06489900474376 -1.110415430734082
0.3665022876529436 2022.3932345837936 1.4164381604194578 1.3518074130486462 0.0087780201676972 0.0 0.0179757229014154 1.935565986532116 1.8472479223971825 12.156230774052991 12.172478470105794 355.54852687206886 474.3547427199516 0.0350458755807292 5.232380368897195 0.4004246427086007 2.327105854531905 -0.0492341181797186 2227364903.8639607 3 0.0350458755807292 -2.262127081233549 0.2094193539755923 0.1792950207802392 -0.7669303100536271 -1.203380289023321 0.0919590865258482 0.3585716754507855 0.7008249331896751 0.018109553 70023.68660722177 0.3665022876529436 2022.3932345837936 3 True 0.3176435893175415 51.082481517391294 -2.6301135969491103
0.0865869556638496 408.3579451818352 1.3679897702453232 1.321864330941389 0.0174453580130201 0.0 0.0354994583782845 1.4864398398301548 1.4363205391582357 12.16807781259963 12.178386723215905 442.2206190498888 544.0860231789161 0.8029296052090237 4.296286442544883 2.014396608516368 1.096574874526936 0.2238516345259907 2225008793.8657045 4 0.8029296052090237 -2.2849013634792645 0.2009992068541159 0.2588660867808723 -0.761731468790655 -1.175197349155231 0.1378812200071604 0.393221240028566 0.6683654703237744 0.5205379 69996.41681557528 0.0865869556638496 408.3579451818352 4 False 0.1074954465747504 51.80706993340141 -0.3652857229330823
0.6004177867117426 3640.974494061784 1.5731755914520946 1.180201486982907 0.0107093938846202 0.0187436162918264 0.0 2.517738198180698 1.8888154516710915 12.097148242951882 12.194634419268713 178.47327865166005 1051.30461465178 3.036486801713162 2.4519963426621314 2.6082975156132058 1.2216464535628777 -0.6294619442204028 2223707524.143115 2 0.105105851876631 -1.89071343565753 0.2089045058561203 0.2952073628862742 -0.55228622072663 -1.040189945326829 0.0603020529731204 0.2150439404095336 0.6624744553535061 0.016432265 69981.35582341568 0.6004177867117426 3640.974494061784 2 True 0.1804235505740764 51.70352616071682 -2.550629936362012
0.1578535055957552 779.3767468975068 1.3565148973663277 1.1888010661845996 0.0136039683060344 0.0255259988402762 0.0 1.570645529308469 1.37645748193781 12.171001406828267 12.193157355991184 465.4129183944716 1008.1318571077608 0.3076606193457346 2.4298978778680933 1.0428977152128145 2.046778720440903 -0.1180123273570859 2227766354.369481 4 0.3076606193457346 -2.2512497861014804 0.1853844421649442 0.2528533734346087 -0.7438957544234499 -1.2492798366195237 0.1477634051629934 0.342989452795415 0.5859016805948634 0.09829473 70028.33302510974 0.1578535055957552 779.3767468975068 4 False 0.0737210704417511 52.011402264426295 -1.5723642416550128
0.6733320334350391 4184.555501141136 1.7724727005250696 1.3219019350314891 0.0357257774226911 0.0623698968449928 0.0 2.9659353481777098 2.2119808529479545 11.953873105031697 12.178386723215905 73.56487257014588 544.0434742990158 0.044789071229069 4.29343157990483 2.233876078339098 6.125241047386462 -1.119515705664012 2232173292.3872747 1 0.044789071229069 -3.4298678966173184 0.2393354860437951 0.311160962765902 -1.3025782844281866 -2.3004373919298566 0.1458124413319177 0.3365122701971498 0.7723014934858908 0.023814853 70079.33925216753 0.6733320334350391 4184.555501141136 1 True 0.0986525637041119 51.843653508579344 -1.7741075539731552
0.0877079561642936 413.9581841279587 1.4038716648992955 1.348965603220901 0.009630340447392 0.0 0.0196526583220261 1.5270023793445768 1.4672806192153396 12.160661963885577 12.172478470105794 376.0391839796605 481.6328374741551 2.0066587317733724 4.066884565957759 1.7449270192761976 3.627816335179617 -0.2356283414585586 2209208013.550303 2 1.1349339218164207 -2.2676948475358474 0.2077468106540143 0.1686786381314969 -0.7644974090939306 -1.0689662099479171 0.0977600309148573 0.3520293481636017 0.6949099864205909 0.08087474 69813.53741377665 0.0877079561642936 413.9581841279587 2 True 0.0729862479390217 52.17602538639751 -0.2275527095208147
0.0816385578363912 383.7297531656311 1.343488494823703 1.271403506613172 0.0234635729674512 0.0456682059534644 0.0 1.453168958010894 1.375199055321202 12.173955533383324 12.185772039603544 493.5411187246919 684.9508288568852 1.89435326479944 3.272233270031903 2.1268143351255984 4.34838451353118 0.1121981906335984 2229878438.9838014 3 1.2472393887903532 -2.306877305229896 0.1929888212609344 0.2500405663593337 -0.7679546706875455 -1.1207436442031793 0.1155823004193528 0.3811494022042082 0.6313826329093561 0.069487944 70052.77844888659 0.0816385578363912 383.7297531656311 3 False 0.0910331581750266 51.83885591339969 -1.9870767434527807
0.4915294099833163 2861.9288675527814 1.5587216934308774 1.2001194606372674 0.0194144318830194 0.0343623456884299 0.0 2.324879247731152 1.7900134710337992 12.104533559339522 12.193157355991184 190.329564914896 955.3575331913138 0.1356060533560462 0.104072113255378 1.0861359345695538 4.625431422082665 0.6326567294063158 2229392389.2638497 2 0.1356060533560462 -1.9371358370804 0.209332472273783 0.3312903399059527 -0.5841176173380381 -0.971004089080406 0.065062239234519 0.3955607246584715 0.6705773430235101 0.029255522 70047.15287342419 0.4915294099833163 2861.9288675527814 2 True 0.109976751689411 52.03845462091186 -1.321492891620419
0.2569642595029299 1342.6924089883564 1.3613010027645565 1.3433175911595665 0.0075545318500742 0.0 0.0152101985744603 1.7111067069005466 1.688502201249144 12.16952434355074 12.173955533383324 454.7527414129823 494.0624510087569 2.234335269134359 5.699373695069977 1.5447173190005945 6.258169731878994 -0.4067274454234265 2223280040.302339 3 0.9072573844554342 -2.2879007570749965 0.2025773843419747 0.3321137331162306 -0.7512879763093553 -1.061342208467525 0.1394346950984922 0.3268808037449198 0.6753559892879331 0.022143856 69976.40809377708 0.2569642595029299 1342.6924089883564 3 False 0.0982369092890043 51.67943312773272 -3.129931069404275
0.0876837569886576 413.8372092907154 1.5717348659212311 1.293562638676389 0.0459544289050086 0.0837756502840912 0.0 1.7095504839552689 1.4069870707356964 12.098355336473638 12.182817913048488 180.6839347398032 618.9470447417383 0.9802656998661382 3.5995518492206107 1.5795815521045626 5.635718204670869 -0.5421374184769566 2233897432.773566 1 0.9802656998661382 -3.2882829563096063 0.225749778298788 0.2849492200634465 -1.4341845990004074 -1.9192224490611796 0.06545666776422 0.3011850644098099 0.7222238230259918 0.040554594 70099.29458071257 0.0876837569886576 413.8372092907154 1 True 0.2956759213338914 50.57543156327597 -2.4839617001990173
0.1482084648147568 727.4241681940383 1.324528873572378 1.3133274379343751 0.007155464207036 0.0142504152207591 0.0 1.520835264527359 1.5079736813097269 12.176909659938378 12.179863786493437 536.8632548947488 565.5786997999404 0.2520868237590776 2.6166180747088243 2.2342767361968194 3.8603705989024775 0.6916269645160538 2228641736.0704093 3 0.2520868237590776 -2.3169164751033025 0.1954510200782405 0.1841513102803882 -0.7480365231291901 -1.2133828304461722 0.1210979889750535 0.2980681754414264 0.6443761381646768 0.0072023743 70038.46475775937 0.1482084648147568 727.4241681940383 3 False 0.0632712903452351 52.29122304206184 -3.545608542567382
0.1329474333440274 646.3133893659814 1.3477619836103147 1.264969328335511 0.0231030128932933 0.0 0.047718125518523 1.5269434800899613 1.4331437537966356 12.172478470105794 12.185772039603544 483.4049716581098 705.1035953358007 0.8383345904063182 2.657500162669031 2.9971007061611004 0.2542083988272067 -0.3867556809377536 2231336991.892478 3 0.8383345904063182 -2.300475825316676 0.1927684726025401 0.2518554578272785 -0.769203698560346 -0.944885811530193 0.0517622105739533 0.3503992528435491 0.6299207168289448 0.015395066 70069.65984829258 0.1329474333440274 646.3133893659814 3 False 0.1086195668341333 51.48942997505612 -4.414317339266503
0.1331450332067764 647.3549746058749 1.3520211182718225 1.2555060013856034 0.0061721741086117 0.0119037425953998 0.0 1.532036014960387 1.4226703896313968 12.172478470105794 12.187249102881072 474.496006920626 737.3643408933636 2.6791138842081765 2.656227347916274 0.8785291108598184 1.2703453648948966 0.3223274730574779 2222704072.688364 4 0.4624787693816166 -2.2925143327092945 0.1921888839996828 0.2930760573024742 -0.7695319021059404 -1.2347841852753978 0.1020726168580713 0.3312688496513358 0.6264739726899005 0.44821087 69969.74180194866 0.1331450332067764 647.3549746058749 4 False 0.0738328283857527 52.13003693103951 -0.4445358191658926
0.3950394609414577 2208.3789591614354 1.5002707866093872 1.2895466764823007 0.0006917432994059 0.0012863261445094 0.0 2.0929369494177763 1.7989685004187173 12.12964363505749 12.182817913048488 245.5637277323609 629.6635300296329 0.066709344631812 6.237363735112584 2.076881438381232 3.467725228144527 -0.6408364453396709 2224361800.626797 3 0.066709344631812 -2.1314698539808297 0.2121090453385876 0.2878789742849092 -0.7265874740361344 -1.1128660413060056 0.1396063520282368 0.2621434918093628 0.7009941138272963 0.059236847 69988.92846790275 0.3950394609414577 2208.3789591614354 3 True 0.0569832601891081 52.394379670403126 -1.135590602788735
0.0640301062168201 297.3306035111009 1.4654902363830444 1.205899667907313 0.0178234554173342 0.0324897414389808 0.0 1.5593257318783635 1.2831135517302463 12.142434388387068 12.191680292713654 286.24269031213487 929.6583772060508 1.8596222751734168 3.2117599445428184 2.790875088253725 1.133233970338289 1.1196841007432654 2230422580.9104857 4 1.2819703784163765 -2.0724715900529547 0.199083902686984 0.1922198714248171 -0.6731218485451407 -1.3198439504679578 0.1413162630616624 0.3532059956318684 0.6444452583158732 1.1027846 70059.07638785284 0.0640301062168201 297.3306035111009 4 False 0.0766879869249036 52.29574681744485 -1.228292643815148
0.7351810590345391 4658.114371269119 1.3955150134928598 1.3599166942009904 0.0293676903325406 0.0 0.0595041339437052 2.42147121901114 2.359701689642424 12.162139027163102 12.171001406828267 390.6473251736597 458.6371454092591 3.057346155378488 4.022846493923219 2.122821065500127 2.512652854135838 0.2516725451573788 2230986639.0083303 3 0.0842464982113049 -2.274331101446714 0.2080131627922561 0.3314530185916373 -0.7585124511229943 -1.1483353363298354 0.0969278015820635 0.2438186824199992 0.696278688832339 0.034582485 70065.60483805939 0.7351810590345391 4658.114371269119 3 True 0.0661192669903017 52.35848882435938 -0.2667200107598813
0.6520467889653631 4024.1730108837646 1.3662125046878582 1.3622998739490186 0.0084407620495046 0.0168573510037251 0.0 2.257046981413902 2.250583132365396 12.16952434355074 12.16952434355074 445.3561825677474 453.5377879893433 0.1018010822420979 4.463445655042398 3.0163147416182423 0.1746509888503048 0.064297112231541 2223458252.2840834 2 0.1018010822420979 -2.283366252873287 0.2051254264984393 0.2651587885159722 -0.7452305360182052 -1.2113576593743811 0.1166420684105015 0.3319477170470521 0.6855885514306075 0.024439668 69978.47073245466 0.6520467889653631 4024.1730108837646 2 True 0.1875350689054405 51.49697712521074 -3.089386181664395
0.2547209158652795 1329.3734639505474 1.4761513818399792 1.2547373742571153 0.0215625801899302 0.0398909004303637 0.0 1.8521580137780564 1.5743452273982836 12.138506014722658 12.187249102881072 273.43287628678314 739.0919582161426 0.6520327112183117 6.062009100484796 2.689472913824793 0.696649176224319 -0.3880224643008667 2227599874.2126102 2 0.6520327112183117 -2.117118950050085 0.2056323724279481 0.2517050651909049 -0.7139111261859529 -1.031519188893705 0.0681966818540637 0.2313309085393183 0.6759510498274187 0.021554785 70026.40617144224 0.2547209158652795 1329.3734639505474 2 False 0.1469448145556145 51.59293459297998 -4.583573159954531
0.4647815246564312 2677.096585134295 1.4107836175218775 1.3441899558913746 0.0049608789237064 0.0 0.0101675289833949 2.066489778234012 1.9689446130184287 12.157707837330518 12.173955533383324 365.2423238959446 491.1170784096152 0.4506040992324945 3.3272631806214483 2.181670628338879 4.28761648239753 -0.1111688374395902 2230159283.813092 2 0.4506040992324945 -2.2620263553683047 0.207994351107145 0.2169928086751349 -0.7672324910480509 -1.0191485726133125 0.081292994379337 0.36024158592405 0.6954844041014556 0.36704704 70056.02896774412 0.4647815246564312 2677.096585134295 2 True 0.2282741829600614 51.09573011215651 -4.889073870442825
0.1752035960777076 874.1552210458804 1.395594359798349 1.3126984069628158 0.0135346979211666 0.0 0.0279241022048649 1.6401075103007858 1.5426878884281792 12.162139027163102 12.179863786493437 390.6532851116712 566.4711054914219 0.8546799811208569 6.11906657420779 2.33888876477467 0.9349422836644156 0.4824521574561042 2232293293.7211647 3 0.8546799811208569 -2.2602560064309785 0.2029821859044015 0.3184631107048915 -0.7694077788271659 -1.0111641159705334 0.0707582661439157 0.3110407060779461 0.6755092621687976 0.18325222 70080.72815649497 0.1752035960777076 874.1552210458804 3 False 0.4351124527287394 50.51293220290796 -2.049689133072897
0.4275819794691618 2424.6471993163364 1.3286455860821476 1.3028263948873993 0.0119492993895867 0.0236663914480275 0.0 1.8967504957921169 1.8598914837180247 12.176909659938378 12.181340849770962 527.5395759214966 592.5342692502705 0.344839631384927 1.1009531557026435 1.226561101793591 6.267957207322783 -0.6642053337437924 2220752580.7125034 3 0.344839631384927 -2.318065775373623 0.1947648631737419 0.3414048910295054 -0.7543689363916991 -1.1137261798431353 0.1347102402076877 0.2859423019845016 0.6410638198084511 0.011492317 69947.15508926508 0.4275819794691618 2424.6471993163364 3 False 0.2540449512407333 50.91600579846831 -0.5189739895047358
0.1853421626038434 930.3147112008644 1.4583794215734005 1.3295500418514865 0.003208754884389 0.0061340568515739 0.0 1.7286786174647566 1.5759717218982716 12.144414267832769 12.176909659938378 295.2258158518894 525.0376178601564 2.7849684112893685 0.9564941077342634 0.0872148294271332 4.835680752202255 0.5785767733441183 2233746788.9925427 3 0.3566242423004248 -2.217360210928379 0.2116403530577059 0.212683103231156 -0.7676096298150665 -1.0646682240225678 0.1054672631913008 0.2213995711301941 0.7058565234312008 0.0802307 70097.5510184322 0.1853421626038434 930.3147112008644 3 True 0.0675818185080556 52.21991640076836 -4.842495316910486
0.5072219011916317 2971.6133770911542 1.388066562244894 1.338868318440957 0.0023980347757948 0.0 0.0048841880752151 2.092124322927281 2.0179716523658224 12.164570271888174 12.175267918986778 404.1244053154199 502.93506731105697 2.719889622593085 3.0416229653486107 1.1151421395380852 3.688417005376337 0.3565683511582242 2237910931.6954446 2 0.4217030309967084 -2.27390658005019 0.2049555209941663 0.3236279901426717 -0.7627633315307575 -1.2144600295574068 0.0509842192591536 0.2108091176271139 0.68445407665531 0.02955214 70145.7471145306 0.5072219011916317 2971.6133770911542 2 True 0.2532720313197586 51.25821358491952 -2.733748164157465
0.3945683265972333 2205.2802434651844 1.3365828773249817 1.1775199509641043 0.0039658983304469 0.0074598263814653 0.0 1.8639561465896144 1.642132027550867 12.175432596660851 12.194634419268713 508.7502528624253 1064.7891221801613 0.3232596928851814 4.950544764120313 0.3820995297026975 3.956920974357192 0.6955139668142132 2233258852.2729435 4 0.3232596928851814 -2.2891350728321287 0.1820294936072059 0.2169097660339167 -0.748065853670166 -0.9961247928616084 0.0902253872137729 0.2941684548971909 0.5669868806655489 0.014240623 70091.90360269611 0.3945683265972333 2205.2802434651844 4 False 0.2758474424132487 50.533943351156864 -1.8805007170765575
0.1318828258967365 640.7055723926397 1.343787312946807 1.3346987740325835 0.0097439193932137 0.0 0.0195541893310635 1.521009781182414 1.5107226200729105 12.173955533383324 12.175432596660851 492.416124950341 513.4152709271355 0.341443685686393 4.506863629347384 2.500514356168892 3.2248182563311136 -0.6095432151263691 2227383156.1852183 3 0.341443685686393 -2.2977870090795185 0.1997787583156414 0.2011540300139353 -0.7472264180571233 -0.9217220816841254 0.1230899611309729 0.2391571072978864 0.6637210813228532 0.06516991 70023.89786094002 0.1318828258967365 640.7055723926397 3 False 0.3236240836432173 49.70831117292045 -2.7284132707489315
0.0685065253159667 319.1104567151908 1.3554402061052335 1.1697338115856404 0.0276413741023416 0.051495653871055 0.0 1.4482967048990607 1.2498682105619745 12.171001406828267 12.194634419268713 466.6549792957479 1103.8893441083735 2.118471657781483 2.547521635544898 2.4377957737734297 4.855392531416405 -0.0031241296835877 2235548645.2378874 4 1.02312099580831 -2.2388687841986625 0.1831367997881785 0.2559991051140219 -0.7297503141133194 -1.037755902270539 0.09258226059871 0.3615867580180713 0.5715816674565563 2.2695477 70118.40583608666 0.0685065253159667 319.1104567151908 4 False 0.124247211465692 51.39003733493376 -1.3485201106241878
0.5701949542992325 3420.6460088281992 1.7260469897735633 1.1722401298935274 0.0114424643033424 0.019213582888597 0.0 2.710230274225828 1.8406455371858936 11.99670794008 12.194634419268713 91.3128239311178 1090.8838280372613 0.1186967619715442 2.807014952962166 2.89575678336963 1.31928437324759 -0.1908084463821388 2229268166.816906 1 0.1186967619715442 -3.2308164356905 0.211185048387423 0.3492583831995217 -1.0 -1.939847745314471 0.0824677210906022 0.3151929560480287 0.6913257463122041 0.0993975 70045.7151136216 0.5701949542992325 3420.6460088281992 1 True 0.0990927577289896 52.02118969148387 -2.6520641015475306
0.5010794418067988 2928.571783764005 1.4080996237749526 1.3395184423648896 0.0145814777802996 0.0 0.0299095036791246 2.113669397264469 2.010723595755001 12.159184900608045 12.173955533383324 368.982033928717 502.5310416592839 3.0528614974760604 5.4906880904130535 2.5075427932251 3.011871510034952 0.3626367295004342 2235516190.768542 3 0.088731156113733 -2.2616934584420147 0.2072053215853253 0.1713988037799469 -0.7675701669580574 -1.278195049371968 0.1162554789752401 0.2592123110298139 0.6924616750268843 0.020349631 70118.03020565442 0.5010794418067988 2928.571783764005 3 True 0.0934581619462707 52.13402372654098 -3.0166269904807645
0.4633361419806712 2667.186460693146 1.392881168113984 1.359479317159323 0.0168992170468997 0.0 0.0342136409468398 2.038253354785448 1.9893752190744405 12.163616090440629 12.171001406828267 394.76900567841193 458.6843356328848 0.2470984078984737 5.624362679517386 0.508807860257429 4.192725978662375 0.7005147190055211 2230517688.357171 2 0.2470984078984737 -2.275234997610083 0.2076735070231687 0.3497948235817411 -0.7576992141968265 -1.1765176715411438 0.0954882495375468 0.328885749077387 0.6951707317286966 0.016237592 70060.17716848578 0.4633361419806712 2667.186460693146 2 True 0.0771841517993407 52.28458214636582 -0.4544700503506718
0.1031542637844222 491.9079409904221 1.2679857108796924 1.1944326042069449 0.0060807130840393 0.0 0.0125358762094969 1.3987838433746544 1.3176434201340226 12.185772039603544 12.193157355991184 695.1935893555167 982.2429102093134 0.8338556628526793 3.535220398785337 1.6666487748719383 4.954700933507716 0.6794493051159816 2226651656.7899594 4 0.8338556628526793 -2.4705389740262502 0.1767975505358664 0.3225788803143389 -0.7685159069293825 -1.199368378250102 0.1238940200060584 0.2233690734447904 0.5376837720217978 0.07923883 70015.43143275417 0.1031542637844222 491.9079409904221 4 False 0.1155909927939619 51.41276712230746 -0.7452270398529368
0.3524543509011187 1932.1365492758089 1.4005758763672798 1.3339110537597605 0.0109064349746007 0.0 0.0223579404400808 1.8942149377600748 1.804053808372484 12.160661963885577 12.175432596660851 382.2949726794738 514.8078335844668 2.8797698681444963 6.2763584861531765 1.7532135816472438 5.337701041362291 1.0974115548637375 2209790515.1830187 2 0.2618227854452971 -2.264520986824885 0.2057943705330882 0.3327722797751853 -0.7671268641773001 -1.6483992247911154 0.0901985456966168 0.3682261242254084 0.687127867506505 0.25059164 69820.27933082197 0.3524543509011187 1932.1365492758089 2 True 0.131401265611956 51.94962364916756 -1.0546381703780257
0.4124992944815885 2323.869141154815 1.6597927613541168 1.2047116675941612 0.0047781918248153 0.0082463015644082 0.0 2.344456104398337 1.7016543805304905 12.04692809151594 12.191680292713654 122.28101398038388 935.4482653681744 0.4892145753340363 1.6749007572012016 2.1208326503765287 0.0637332802504616 -0.8897211101206423 2235715988.4175134 1 0.4892145753340363 -3.208080553857531 0.2153511933146477 0.2034330623593893 -1.0 -1.5074143997636216 0.086907542844355 0.2266938486067201 0.6974766511233645 0.014791197 70120.34267844344 0.4124992944815885 2323.869141154815 1 True 0.4029346520068066 50.6897202512217 -2.5298074386973264
0.1327284186110662 645.1591888189864 1.3747691390679078 1.2492964949431131 0.0057464045656417 0.0109683453834641 0.0 1.5572400728516882 1.4151136430932607 12.166919696776525 12.1887261661586 427.98880674907457 759.3093185465848 2.0650464417153582 0.0175028528557901 1.994652517848156 3.881219291113276 -0.2490911021751505 2230972250.098377 3 1.0765462118744349 -2.2556711434811723 0.1939406323863594 0.2380909389510394 -0.7654957823950578 -0.9040849677454724 0.0967397169993798 0.3380785641652887 0.6334851216177708 0.0771457 70065.43829974973 0.1327284186110662 645.1591888189864 3 False 0.06354974321726 50.99587744531408 -0.1183131489429554
0.2361302800990527 1219.9795726421455 1.4000156472133298 1.3211795422851522 0.0078623365942111 0.0 0.0161938266780758 1.73060173413287 1.6331500376660837 12.162139027163102 12.178386723215905 383.3799576741075 545.0295143856987 2.2579436886937883 1.8116915883593865 2.2597166214125144 5.928724351281723 -0.727892863796756 2222731393.99058 2 0.883648964896005 -2.2599639460135306 0.2043512668081719 0.2147672075730515 -0.7690277287208102 -1.129150619379323 0.1028455276997236 0.3519265236390411 0.6811789769572112 0.015495366 69970.0580207243 0.2361302800990527 1219.9795726421455 2 False 0.2380773368264129 51.15401668749545 -4.400469475237711
0.3152606157152389 1697.447988108426 1.3373071020194849 1.2797694682134149 0.0212713030615235 0.041627408376558 0.0 1.7589073624025096 1.68323037873594 12.175432596660851 12.18429497632602 506.5708620366877 659.3626512077046 0.4144725536024626 0.2222871691216046 0.4323310521300897 1.7810287707012955 -0.7025711905879527 2239394505.475558 3 0.4144725536024626 -2.31432596240977 0.1932284072925394 0.2247099243966347 -0.7649976448114744 -0.9018759206539596 0.0532621054802841 0.3624090920288003 0.6330538960165148 0.09390479 70162.91810735599 0.3152606157152389 1697.447988108426 3 False 0.0725161970791399 51.751208774433934 -1.352634052607657
0.0699252749524227 326.0397043316773 1.346743297017468 1.345910984633125 0.0019331405412976 0.0038650863658168 0.0 1.4409146923517466 1.4400241802950822 12.172478470105794 12.173955533383324 486.467467741045 487.3268276588457 2.212029478582749 3.5414248516248867 0.2246231677064598 5.2939942338369885 1.2423452781043482 2211742074.758317 4 0.9295631750070444 -2.2929974275471063 0.201292985265722 0.1958252811812477 -0.7434756732814265 -1.0040336552040956 0.1353022489454698 0.2754341318349154 0.6701570619030669 0.27665666 69842.86682590644 0.0699252749524227 326.0397043316773 4 False 0.3295400408397494 50.48137484782674 -3.707037872055336
0.6816757113357781 4247.794286599454 1.3811364342807138 1.349307090010125 0.0224073867413308 0.0442983781367048 0.0 2.3226235955707795 2.2690969604031856 12.165189867613902 12.172478470105794 416.69288260136585 480.3964261547138 0.3615374791312105 3.8068455148208615 1.2461803049193678 5.772745161013551 0.8308760093950678 2227449749.225352 2 0.3615374791312105 -2.2789191955301087 0.205345540566106 0.2056156450284572 -0.7569663727614702 -1.6374767342586038 0.0917247264544762 0.3948377246925021 0.6861952470380714 0.23695984 70024.66861371935 0.6816757113357781 4247.794286599454 2 True 0.244713287705916 51.473519190908405 -0.3275641515744469
0.9572057600193058 6440.230884399975 1.7159591253336384 1.16436253014041 0.0044211799763559 0.0074211676960371 0.0 3.358485084060687 2.278897050741463 12.00483094662588 12.194634419268713 94.89978735206564 1133.842659489221 0.1764230391789474 2.950683099635147 0.4262614696132778 2.9472925135256824 -1.506036431488007 2225644671.1406927 1 0.1764230391789474 -3.214788336694048 0.2093035228876361 0.1743610566497784 -1.0 -1.598221157607807 0.070238278997638 0.3114153225104419 0.684756767630814 0.20654908 70003.77650625801 0.9572057600193058 6440.230884399975 1 True 0.2368893397375534 51.19066796750104 -0.2753996178869871
0.295493238758551 1575.322150122096 1.302329202533021 1.2341067640794003 0.0118390763963163 0.0230579634739685 0.0 1.6871586765193445 1.5987769687710571 12.181340849770962 12.190203229436127 594.1085224704582 814.1427881807824 0.5465901781589295 5.160871452664543 1.187854112822059 0.030847926860824 0.6638472603392892 2209093769.446373 3 0.5465901781589295 -2.3747087767287165 0.1846435728864982 0.2371433906501904 -0.7675021851207605 -1.3361231292176077 0.1230989323802767 0.2661048966039925 0.5872475609065062 0.08890199 69812.21514405524 0.295493238758551 1575.322150122096 3 False 0.1131299408491596 51.75225645389909 -1.3476301295354034
0.3528892609570155 1934.9177283268268 1.4175969646961168 1.333368562662029 0.0105648596892229 0.0 0.0217970976819819 1.917851709902638 1.8039000093231503 12.156230774052991 12.175432596660851 354.5119892946078 515.7217293762172 0.1391380085637747 4.310271181306978 1.2814705487773612 0.4185698371080878 -0.9138109287858788 2220778909.891519 2 0.1391380085637747 -2.25222843777016 0.2075821662000964 0.245362776027637 -0.7697866225683847 -1.1126907202852132 0.0681532297151487 0.26384618129169 0.6933094933427743 0.03428805 69947.45982513332 0.3528892609570155 1934.9177283268268 2 True 0.1150670902630373 51.85773696014786 -0.547539763723087
0.2529867753021186 1319.095044493638 1.3772963628801642 1.3374407151812868 0.0141058558593303 0.0 0.0286320653203112 1.7257341283605536 1.67579552887276 12.166570216995686 12.175432596660851 424.16121788345066 506.5989994410647 1.0205920714349208 4.819863777982303 2.259223821657953 4.0786396521254655 -0.1189382080471375 2231268401.450385 2 1.0205920714349208 -2.279967742294277 0.2036532156614687 0.3366572013175608 -0.7597505330421207 -1.068525840987187 0.0718266478425183 0.2664222089610449 0.679433456967986 0.13925508 70068.86597743501 0.2529867753021186 1319.095044493638 2 False 0.133905343942228 51.63505884076552 -0.0918238004935663
0.5970415509482861 3616.211778632136 1.3728761151138138 1.36906232170264 0.007579323376094 0.0 0.0151797604539492 2.192540200141223 2.1864494135968453 12.168047280273212 12.168047280273212 431.7294962931125 439.3132866375698 0.1343334285541932 2.424723804131215 2.185719279634408 0.9701236800656456 0.4855803804881562 2224539465.4214654 2 0.1343334285541932 -2.281016055609397 0.2065632227456227 0.2296319172530734 -0.7453318931591247 -1.459752679109306 0.1283722266304887 0.237785591668256 0.6912011310591571 0.15268221 69990.98477339659 0.5970415509482861 3616.211778632136 2 True 0.0624852434835525 52.56433880876331 -0.4977933899250581
0.4433229405245418 2530.8036393135326 1.543723234794011 1.1844443190659075 0.0039117001236572 0.0069130094807542 0.0 2.2280911585989496 1.709535657481794 12.11191887572716 12.194634419268713 202.9210559429864 1029.3156077792391 0.0179883233143847 0.4185353118967355 3.056748492713278 2.924007032403676 0.6134188651938514 2220427806.5467663 2 0.0179883233143847 -1.933643609277459 0.205758947775296 0.2290376184252556 -0.5795867923570907 -0.8129169034429341 0.1067022494997427 0.3259339382701294 0.6568234879016397 0.01841266 69943.3961290135 0.4433229405245418 2530.8036393135326 2 False 0.1210539174038422 51.48955429458452 -4.309702439697888
0.3201850756267995 1728.157106318971 1.4219525044517016 1.2077271770868376 0.0046728922720051 0.0086417864332598 0.0 1.8772404746272864 1.5944233946189277 12.15475371077546 12.191680292713654 347.44197316564765 922.2816184537608 2.738415223327832 5.373156994279978 0.3743062362129627 6.037391984333816 0.5088418886733459 2226246887.154711 4 0.4031774302619613 -2.144245270937289 0.1944892866405505 0.1889288050423319 -0.7126808736346589 -1.5773439537702676 0.0502951994664129 0.3059896583074074 0.6286854404327066 0.07108006 70010.74659901285 0.3201850756267995 1728.157106318971 4 False 0.0977200517923912 52.18825674603727 -3.915086494792096
0.1130889394043004 542.8076609281528 1.3164110493628098 1.242278622841504 0.0035042321462929 0.0068111268179237 0.0 1.4652825787553525 1.3827665947432846 12.178386723215905 12.1887261661586 557.3024709070982 784.3860962127654 0.5771828755670472 3.1904985460735644 0.8296314753502575 4.361157111081129 0.0913060961972231 2234528560.744852 3 0.5771828755670472 -2.3480382255045837 0.1870142155703599 0.1880170472061215 -0.7683439625239934 -1.2671822956082612 0.101088407319287 0.31331445086265 0.6002797446277087 0.077015504 70106.59930260245 0.1130889394043004 542.8076609281528 3 False 0.0474806553451894 52.51541149404396 -2.2932923920557635
0.4786247766785738 2772.4172622538445 1.3787950512237332 1.3559292646500791 0.0084843106789036 0.0 0.0171116969903392 2.0387205247012155 2.0049106061351663 12.166570216995686 12.171001406828267 420.509748021067 466.6425624745904 2.856836857972669 0.4112220017261168 0.3593165369919614 3.386520087410729 -0.2433696671757199 2230152270.8156857 2 0.2847557956171245 -2.280125322206188 0.2057929008414054 0.3042795252065581 -0.7535105413715649 -1.1117933844971657 0.12938778153688 0.3997503563467198 0.6880905808175468 0.049400013 70055.94779879267 0.4786247766785738 2772.4172622538445 2 True 0.3506055718864058 50.79945117133519 -3.587665603583756
0.0999787992298797 475.7642339149993 1.3341303950045933 1.2743367559130054 0.0034600533484829 0.0067650325138639 0.0 1.4675151499132375 1.401743414583688 12.175432596660851 12.18435454784063 514.775241199092 675.3083337859106 0.5387831356552856 4.023802319974202 1.8990644971244208 0.9313227733999208 -0.17315073944793 2232860101.1726418 3 0.5387831356552856 -2.318581691405301 0.1923249276249714 0.2121509960751305 -0.7655639797587851 -1.8729831660656744 0.0522085971685959 0.3559334990934804 0.6284686362302107 0.04645104 70087.2884279241 0.0999787992298797 475.7642339149993 3 False 0.0879846442861126 52.28688230749051 -0.5433414863321335
0.379523071964397 2106.8203812118027 1.4151296423249589 1.3530619437093228 0.0054548232697649 0.0 0.01115987035839 1.9522039914080056 1.866580169144003 12.157707837330518 12.172478470105794 358.156679135679 472.265835332614 2.746608060388298 0.2326577876928506 1.1049430712511594 5.541837816797995 0.3799971772667742 2222904041.124607 3 0.3949845932014952 -2.263335267283613 0.2093939427210487 0.3218731800459753 -0.7663692004488067 -0.9659826486278712 0.0823317465093095 0.2704945602648052 0.7007999765511201 0.17361125 69972.0562514422 0.379523071964397 2106.8203812118027 3 True 0.391167989004321 50.53411286771748 -4.258674876036317
0.7450337051088429 4734.550222620986 1.4168867060260188 1.358458108652454 0.0093632169160773 0.0 0.0191291548493332 2.472515058336048 2.370555186576943 12.157172730281204 12.171001406828267 354.7615466418868 461.4010790915184 3.050575448314723 2.464399632981985 1.977202032776118 3.758982578210712 0.7611665629475414 2225481116.24562 3 0.0910172052750704 -2.264768727254716 0.2101650998425214 0.2783591549631796 -0.7655755133315122 -1.101692617966533 0.1143858928988593 0.3056256110823219 0.7036724933915276 0.009064534 70001.88350978727 0.7450337051088429 4734.550222620986 3 True 0.1434162101161385 51.60132382002159 -0.6754296830070539
0.3486665669814544 1907.949884956328 1.3859569168141044 1.3628563884578813 0.0167384176095988 0.0 0.0337605527802727 1.8691937569838792 1.8380388467102344 12.165093153718155 12.16952434355074 408.0599337072606 451.3649597425697 0.4642441156618501 0.3855788578270003 0.7633723874965214 5.435232750829577 0.2702652491886002 2228458825.120305 2 0.4642441156618501 -2.2779727564996763 0.2073005773073858 0.2569758764265586 -0.7537231234928925 -1.3239833977036268 0.0952229453017637 0.3508072210886372 0.6938373449721433 0.08994312 70036.3477328739 0.3486665669814544 1907.949884956328 2 True 0.3540689253806951 51.06776012605744 -1.8297936858009336
0.1863026264061827 935.6642265601688 1.326579475007258 1.164415628912763 0.0006974282053223 0.00130960132998 0.0 1.573724715337645 1.3813493188076176 12.176909659938378 12.194634419268713 531.8580763635512 1133.860429596303 0.2119368723733549 2.333774590795919 2.0648065546037606 1.6443195168165667 -0.3328165313493497 2230988106.265412 4 0.2119368723733549 -2.306149176729331 0.1795350774339144 0.2709685289966992 -0.7451528153769825 -1.2425221739834065 0.0964819664651828 0.2561547206866941 0.5512542028682611 0.081216276 70065.62182020153 0.1863026264061827 935.6642265601688 4 False 0.0760173828389291 52.00157140323142 -4.003782575605212
0.1018605236027398 485.3233334053732 1.267888023853236 1.2174917971199912 0.0089232126785309 0.0174917439965033 0.0 1.3970357618325695 1.3415061490566742 12.185772039603544 12.191680292713654 695.7303295685977 879.9189904678299 0.7686614031146597 2.306437488216576 3.078041670642938 2.516494552758537 -0.0732709621095096 2235769035.9447064 4 0.7686614031146597 -2.453859941172976 0.1792675815219909 0.2038671234260166 -0.7635720184332593 -1.194261204477229 0.0527516925253831 0.2348937919039491 0.5548057623830948 0.04196206 70120.95665445262 0.1018605236027398 485.3233334053732 4 False 0.0684495705346339 52.121142498143705 -4.647865826717259
0.3163904796899311 1704.483899726196 1.3758874103132404 1.2964293032578535 0.0202577346738381 0.0 0.0417570652035926 1.8112050880615835 1.7066071923996888 12.166570216995686 12.181340849770962 426.76422787734464 610.2432108702579 2.577064693021956 4.246976585910948 0.5598147542912146 0.5596112495269313 0.3018264326086168 2222732096.9779577 3 0.5645279605678374 -2.2735260453837225 0.1991388809810227 0.2540989633427404 -0.7689472064370453 -1.1228757008140655 0.1017668248988809 0.3702772609099139 0.6594183255478191 0.06313422 69970.0661571523 0.3163904796899311 1704.483899726196 3 False 0.0566452620707131 52.34144391735271 -1.6863870682721775
0.4129049996815354 2326.567761650765 1.3070890034075366 1.2338361774179776 0.0124191623507286 0.0241423210351098 0.0 1.846792587943264 1.7432933038618146 12.179863786493437 12.190203229436127 581.8573475617959 815.8400749965462 2.6365123586740373 5.297527789468086 2.5794279113138305 2.969233839779325 -0.753675602446555 2220198914.618093 3 0.5050802949157559 -2.365964930196514 0.1851221080355715 0.174960824654323 -0.7682656651208859 -1.412345778134561 0.1143715090285048 0.3224293156972192 0.5896899661961895 0.098214634 69940.74691687607 0.4129049996815354 2326.567761650765 3 False 0.2021816125803545 51.31458884088019 -4.163366388960366
0.1357139009464748 660.9166744630263 1.3689487391313284 1.328468795014808 0.0015615024840782 0.0030768311915303 0.0 1.554734112714599 1.5087604774719303 12.168047280273212 12.176909659938378 439.2969185935195 527.6237952882213 0.7200891085935269 4.392906928538179 2.827536440613145 0.2993150397773882 -0.6258692298886904 2229583459.015044 4 0.7200891085935269 -2.28452318370708 0.2018076480545167 0.2879739201439002 -0.7599103716268585 -0.8827876043070354 0.0594305829538031 0.2390631700713382 0.6719498730284745 0.016706219 70049.36432887783 0.1357139009464748 660.9166744630263 4 False 0.3265466971099123 50.40226238835192 -0.5669418200820422
0.1224069650310198 591.0844782986873 1.3447879757228929 1.2983334735388448 0.0178894099196829 0.0 0.0364189047244302 1.509399390441341 1.4572585336329165 12.173955533383324 12.181340849770962 490.5494273993694 605.4863844106907 2.2442258529501333 0.7325646903804905 1.0651020545590306 3.830974844161117 0.8214207084841543 2231197886.206852 3 0.8973668006396599 -2.304654611920969 0.1960088271437348 0.249735755191177 -0.7618318433332024 -1.1252923946555855 0.1418352185981425 0.3522329629484052 0.6464274538443288 0.014989795 70068.04982878301 0.1224069650310198 591.0844782986873 3 False 0.2875281762183898 50.76301219257741 -4.770618159869559
0.3137669482031466 1688.155722571648 1.3925699344241655 1.3321459716250554 0.0117851790404827 0.0 0.0241049145298013 1.829512352907892 1.750129347702965 12.163616090440629 12.175432596660851 395.373727283524 519.028936787522 2.88010162209203 2.025414740678716 0.8519022769431845 2.943178594134926 0.6121448123779556 2232638694.6788583 2 0.2614910314977631 -2.269378675760871 0.2047335159524761 0.260056243955367 -0.7657309948683622 -1.2043773425423785 0.1411234506465782 0.2689318504552216 0.6832692484399413 0.019158565 70084.72585276456 0.3137669482031466 1688.155722571648 2 True 0.0603122868355134 52.37287397881308 -0.7530979553207988
0.5087445545581397 2982.3043148742213 1.3736657853566387 1.3509798281650247 0.0224289972828498 0.0 0.0452346273337112 2.07251077343966 2.0382834590618724 12.168047280273212 12.172478470105794 431.2151602634384 477.0980243112805 0.1049832417468751 2.611875507723852 2.8650429489085303 2.3266661984626698 0.1445525400505347 2233059775.583616 2 0.1049832417468751 -2.2821135205411287 0.2047047604474547 0.2075128217334461 -0.7533659929408816 -1.2672967164209976 0.1041726725700921 0.3920806953678589 0.6838342909275955 0.042424023 70089.5994743474 0.5087445545581397 2982.3043148742213 2 True 0.1086811403464823 51.97644031342491 -0.0363138129554094
0.059977412231446 277.7217813608225 1.3352022052552894 1.251876413881606 0.0156997870539598 0.0304197995273202 0.0 1.4152841783322216 1.3269607216198076 12.175432596660851 12.187249102881072 511.4515515282855 749.3364103072574 0.7493072270531477 0.5039824125397289 0.2595775826306081 0.1526165231730957 -1.1493335830975029 2228612795.0926447 3 0.7493072270531477 -2.317383546041259 0.1900260485393876 0.3017032258811186 -0.7692365956346368 -1.179485868373367 0.0581314264008648 0.3655232759478148 0.6161088326588757 0.01595096 70038.12979273894 0.059977412231446 277.7217813608225 3 False 0.3029342980621393 50.96218357035568 -0.2241656817490875
0.3547844788303201 1947.0471413289497 1.411703195202765 1.3296508942336724 0.0255351805482844 0.0 0.052646128336477 1.912553577575876 1.8013903937706353 12.157707837330518 12.176909659938378 363.3360619013274 524.5968055975468 0.4472200587204028 2.475609277330156 1.2292752166827374 0.982186267667802 -1.1448561230778105 2229578861.7654657 2 0.4472200587204028 -2.254697803201557 0.2065383265366785 0.2558085794393651 -0.7695050950823596 -1.171869093706099 0.0616194340792353 0.2954129649617283 0.6895158733351899 0.075435765 70049.31111997066 0.3547844788303201 1947.0471413289497 2 True 0.2451865191399098 51.23442685507798 -4.392784553659802
0.1436797462815958 703.2140614843532 1.3562584940087508 1.1931717267371345 0.0094477609878976 0.0177594518208229 0.0 1.5511253703201875 1.3646063377050996 12.171001406828267 12.193157355991184 466.1663897278824 987.933608350656 2.437009936035572 3.727622628966498 2.067786523426364 2.7300807760052064 -0.1916360330731404 2211099652.946998 4 0.7045827175542213 -2.2549377688103864 0.1858410810663735 0.300762271525388 -0.74701092253191 -0.889642097757241 0.0726522812210974 0.2447907781961983 0.5887839957494961 0.052573245 69835.43138827544 0.1436797462815958 703.2140614843532 4 False 0.0920126919858438 51.21929908559475 -1.659056624305831
0.0818640755495116 384.84885818552567 1.3531371979718476 1.3466769454242875 0.0051840552498249 0.0 0.010392979349041 1.4639105237754697 1.456921408625287 12.172478470105794 12.172647428557877 471.98280227359817 486.5131417859966 1.8809180142561648 2.6220392516511413 2.247017027657613 0.2570749544783213 -0.4073025149676362 2229574931.768319 4 1.2606746393336286 -2.290521176503001 0.202055993788223 0.2686338205701709 -0.7461541454344293 -1.3742863589706382 0.0500996889559005 0.2563344582627257 0.6733077754222194 0.017929872 70049.26563389259 0.0818640755495116 384.84885818552567 4 False 0.062256382922522 52.59661258720293 -3.930671216170802
0.1842797151606473 924.403064768864 1.3149781286118192 1.3051343864342495 0.0023981066069148 0.0047782613234984 0.0 1.5573019235948862 1.5456441794127194 12.178386723215905 12.179863786493437 561.2967282446183 587.3422764511859 0.2945109904660307 1.5396544765425808 1.067298019520009 4.178840602865894 0.6434300205121014 2227325820.022273 3 0.2945109904660307 -2.327702702192264 0.1935814123023045 0.1792034697719047 -0.7473692635438993 -0.9589336336217036 0.1284006242889511 0.2359243603608243 0.6353626948781808 0.019323766 70023.23424794298 0.1842797151606473 924.403064768864 3 False 0.0470987120075082 51.53924922731447 -4.949860997161977
0.0621578563377762 288.25883277173705 1.3638444921372972 1.2587953567654928 0.013572323675132 0.0260992489377041 0.0 1.4486181421466346 1.337039377709982 12.16952434355074 12.187249102881072 450.5825738880566 725.799057299428 1.2169514469118294 1.6547243072361342 3.0677997450502072 0.3281795953031378 0.8513285330582526 2239456421.759802 3 1.2169514469118294 -2.2762280836043294 0.1938021824665806 0.251820819093367 -0.7690862447889449 -1.205542712503671 0.1028974410529248 0.2157671001329309 0.6339046619985523 0.15143937 70163.63473101622 0.0621578563377762 288.25883277173705 3 False 0.3981553473704914 50.67153500742254 -2.555245187507394
0.0763973605012343 357.8099839263147 1.413523059114106 1.322864118031242 0.0100524329043004 0.0 0.0207937823118066 1.521512489838054 1.4239274449506223 12.157707837330518 12.176909659938378 361.0195788829257 540.9254995560123 2.110859482640164 4.83022017814164 2.9144935327550154 6.258397367236706 -0.2420972101289147 2237060744.093634 2 1.0307331709496292 -2.249653914797232 0.2060186646407227 0.2053681226990055 -0.7701099839540728 -1.1576616215462625 0.1470209731143388 0.324674237989807 0.6871123647471064 0.030002274 70135.9069802504 0.0763973605012343 357.8099839263147 2 True 0.0984983619729941 51.868425008130295 -2.6366920746079785
0.1213460681068251 585.5619491485129 1.371624815641221 1.2857310982662713 0.0294038812903313 0.0569664364100672 0.0 1.538066093937032 1.4417495116835533 12.168047280273212 12.182817913048488 435.1839508535868 642.0700529665229 2.866379549522147 1.623451884860063 2.649191618967999 3.988595900152273 0.7253093057707379 2233881561.619835 3 0.2752131040676459 -2.275049322828646 0.1975318842224687 0.1575205340465445 -0.7694814632940609 -0.8742511780640951 0.0788223971106221 0.2773157110350632 0.6520017147106772 0.024068482 70099.11088680364 0.1213460681068251 585.5619491485129 3 False 0.3944737825128946 49.64592489739819 -3.2028901558941896
0.0659809774161821 306.8069361536304 1.3465554960158848 1.1978792384050208 0.0289817784468955 0.0547636127614173 0.0 1.4354025437881448 1.276916481381536 12.173353682342244 12.193157355991184 486.4414196944201 965.3599517944308 1.303833152677892 0.6251220329888443 1.592623139504404 4.939204400387112 -0.6922149593862339 2238708886.793385 3 1.303833152677892 -2.2786267917111624 0.1853347198626892 0.1642648788376488 -0.7549051669583606 -1.4394798173684509 0.0697629668356457 0.3165533737785354 0.5871255367601167 0.0651595 70154.98270594196 0.0659809774161821 306.8069361536304 3 False 0.1005733620953818 51.98631164445588 -3.8754708959496416
0.1653775038721231 820.270766081778 1.3307450781545411 1.230138618198745 0.028427199881921 0.0547052579082569 0.0 1.5508203774698528 1.4335758722931564 12.17674056437046 12.190203229436127 522.868543357219 829.5561756140844 2.5242825317470974 1.635229588329735 2.1207944539818366 2.744671216599509 -1.106170226392822 2210344149.928726 3 0.617310121842696 -2.32244558746705 0.1871978710114121 0.2661701879101437 -0.7691193682423897 -1.0121172272633476 0.0935674714995298 0.3590351723815421 0.6002590257352325 0.47378236 69826.68714037878 0.1653775038721231 820.270766081778 3 False 0.0452578863322117 52.19916116538378 -1.3838500546474148
0.1138040917370446 546.4945542774043 1.413931978317862 1.2266917297036488 0.0171524289944842 0.0 0.0369229771068342 1.5748432228882892 1.366294267843917 12.157707837330518 12.190203229436127 359.73287483531794 843.6204547777781 0.8981826472050849 1.93637365606875 0.8599085152136479 2.327985751992437 -0.3943599759815035 2210639750.3304224 4 0.8981826472050849 -2.1765319269978014 0.1956945466460501 0.2276714045119552 -0.7350894669880224 -1.1682592780924432 0.0618212914833893 0.2960980432065215 0.6370543652056064 0.19135128 69830.10844132434 0.1138040917370446 546.4945542774043 4 False 0.0701287737184801 52.280577389016194 -3.8197673711739366
0.0690742376983567 321.8816732231522 1.3428504268038854 1.3196400939879591 0.0085322368981334 0.0 0.0172145420300013 1.4356067963782766 1.410793227516365 12.173955533383324 12.178386723215905 494.44360788453207 548.9656903788177 0.3060283242785908 4.685646891654929 0.8660215835935183 4.676822056035936 0.2848665782571187 2239129166.304215 3 0.3060283242785908 -2.3025216773113595 0.1980729967883848 0.1871681792299611 -0.7533281490260435 -1.23229152131459 0.1447633040553035 0.2427217425008013 0.6562215202574153 0.09814946 70159.84705213211 0.0690742376983567 321.8816732231522 3 False 0.0719089886680659 52.16758143599482 -2.721072793899104
0.2484201845899709 1292.101003107853 1.392532298738797 1.3498703883259648 0.0357874667856756 0.0 0.0727059767552869 1.7384654294389854 1.6852054393664369 12.163616090440629 12.172478470105794 395.4524498317338 478.5011127743409 2.674911092936338 1.114917628678514 1.6486230738637848 0.3435076617229705 -0.7827361030933341 2220764994.262721 2 0.4666815606534551 -2.273682931323416 0.2066162802264072 0.2482629033007011 -0.7608176778920072 -1.227174413201105 0.1093279815365361 0.2885266609154554 0.6910268820945026 0.015229747 69947.29876461482 0.2484201845899709 1292.101003107853 2 True 0.1449433144973423 51.688684840570055 -3.487255832827622
0.7340922709027876 4649.684074734673 1.6951486452922562 1.292893008309077 0.0194420865743549 0.0342706019784359 0.0 2.9395441638326325 2.2419957728130244 12.021818015797969 12.182817913048488 104.12767813403572 620.0668023246357 0.1311127258755093 3.8171200973453 0.8719553214036836 3.328018491476717 1.2478020498054267 2231792022.240503 1 0.1311127258755093 -3.343516472451656 0.231156003318645 0.3154013170190167 -1.2379257131997767 -2.6225904601885226 0.0810114492235056 0.2701978685739352 0.7479403299317975 0.02343507 70074.92640324656 0.7340922709027876 4649.684074734673 1 True 0.2290897157724729 51.19128130840936 -1.5243645577589082
0.0880939645787703 415.8883782336612 1.5324269434065758 1.2578259154153335 0.0084601944129654 0.0154043765339246 0.0 1.667424508278588 1.3686327870541917 12.11635006555974 12.187249102881072 213.1683542877608 728.8136929942023 2.52122540025412 5.8522049268985805 2.104717094698658 4.241770438432795 -1.155018880963735 2223887742.5386386 3 0.6203672533356733 -2.051880634920851 0.2124555914434609 0.2924838045063823 -0.6703140829684104 -0.8129136213172402 0.1049172967496865 0.2028161661839082 0.6948674598692716 0.11601351 69983.44168447498 0.0880939645787703 415.8883782336612 3 False 0.1973582393430388 50.486272302397495 -0.0047046018233594
