# number density [fm^-3]	 pressure [MeV fm^-3]
3.633174337114809708e-14 1.748377360811863654e-19
4.902751965561473054e-14 3.812017202760113332e-19
6.615971215657440662e-14 7.883110025775267405e-19
8.927858360747205444e-14 1.625158117585685533e-18
1.204761210582794210e-13 3.268478014891432013e-18
1.625753361978122176e-13 6.397842183237758406e-18
2.193857148425768691e-13 1.221929539572384581e-17
2.960479307785464843e-13 2.282905461904895247e-17
3.994990165205091960e-13 4.176349925227684560e-17
5.391000834937131151e-13 7.473827369047059411e-17
7.274833929610086223e-13 1.307301551844319108e-16
9.816954276918370915e-13 2.244717447740334151e-16
1.324739398968938476e-12 3.818386806767609596e-16
1.787656767748019151e-12 6.486551121324624719e-16
2.412336133251981238e-12 1.104706051283864891e-15
3.255303660514204878e-12 1.887336071037695575e-15
4.392838036161966059e-12 3.229849919413848963e-15
5.927872796021487299e-12 5.522567851119636314e-15
7.999310604338425910e-12 9.416375013748309168e-15
1.079459231777504070e-11 1.600014721943221261e-14
1.456665818724066577e-11 2.707037235813158698e-14
1.965683598763672490e-11 4.556806357225686331e-14
2.652572718314354536e-11 7.637600580526110105e-14
3.579488596420601725e-11 1.275566057445117387e-13
4.830306262083291961e-11 2.122552944212066363e-13
6.518210061865357455e-11 3.520581785945824919e-13
8.795935517405116504e-11 5.820299342092391014e-13
1.186959010096822461e-10 9.581799875868039371e-13
1.601730354732830215e-10 1.571321305258999619e-12
2.161439533672920415e-10 2.573774255892602320e-12
2.916733671132477704e-10 4.203207715565950304e-12
3.935958038974829550e-10 6.833091606488294898e-12
5.311340503212853807e-10 1.104967956345385756e-11
7.167337065518334574e-10 1.775048291590486501e-11
9.671893673485775287e-10 2.837311277796511861e-11
1.305164336155705573e-09 4.532666409398598032e-11
1.761241388584076687e-09 7.246322461426847269e-11
2.376690155354890631e-09 1.151586245950466944e-10
3.207201540444168778e-09 1.794238790423183106e-10
4.327927095524770773e-09 2.725580594458561769e-10
5.840279355061485307e-09 4.121251496351306911e-10
7.881108482725376219e-09 6.338251707842545535e-10
1.063508560813226383e-08 9.826615469103030584e-10
1.435141340082002056e-08 1.512296967221705241e-09
1.936637599266191229e-08 2.308432492376336238e-09
2.613376875254128333e-08 3.511313860329378539e-09
3.526596145143974563e-08 5.327895306867557359e-09
4.758931055336176365e-08 8.058192258545239940e-09
6.421893479532105609e-08 1.218422335221296060e-08
8.665962037044841132e-08 1.848105465496923482e-08
1.169419864512821521e-07 2.787440471690051450e-08
1.578062324380472162e-07 4.115732501120388702e-08
2.129500939054541903e-07 6.012982802559689349e-08
2.873634443566404692e-07 8.927912264643548864e-08
3.877798203234194976e-07 1.340886540925538006e-07
5.232857275452117423e-07 2.001358061223097814e-07
7.061428632984109298e-07 2.933869136164926886e-07
9.528976563653646807e-07 4.248193053233345866e-07
1.285878525012980112e-06 6.247888447655581322e-07
1.735216337288982651e-06 9.249161823942153478e-07
2.341570901624775269e-06 1.357310605336185411e-06
3.159810203206245817e-06 2.004168643333303739e-06
4.263975313904965641e-06 2.988690835345833992e-06
5.753980241959579160e-06 4.421481695116210510e-06
7.764652979320461537e-06 6.469094797978697553e-06
1.047793585553534793e-05 9.511586001540773844e-06
1.413934918728611768e-05 1.401592607659555995e-05
1.908020799100351323e-05 2.048683273011650094e-05
2.574760211080349970e-05 2.998558326690210424e-05
3.474485261213259332e-05 4.396935366855419207e-05
4.688610527083937298e-05 6.397406504431308314e-05
6.327000122891856030e-05 9.257290286662822924e-05
8.537909114829104660e-05 1.335374564100620665e-04
1.152139886789884060e-04 1.918516181613378084e-04
1.554744025591297304e-04 2.717498399706112983e-04
2.098034286311163015e-04 3.656189608917846602e-04
2.831172073398458607e-04 4.527751266322232494e-04
3.820497768549107232e-04 5.331007745270867825e-04
5.155533758132864984e-04 6.353201978480170313e-04
6.957085160487211850e-04 7.862764008022295453e-04
9.388171274006067678e-04 1.015282680294825844e-03
1.266877691402300884e-03 1.366231200470374545e-03
1.709575846167920524e-03 1.906161489072800454e-03
2.306970588901670685e-03 2.737194786849538302e-03
3.113119145890506402e-03 4.012718566577520331e-03
4.200968518252372677e-03 5.959383577097828247e-03
5.668956331030265867e-03 8.921650488155316236e-03
7.649918285152346523e-03 1.337888073386031725e-02
1.032310823231769037e-02 2.003027172163333869e-02
1.393041854878106049e-02 2.989189170559703249e-02
1.879826856185679712e-02 4.449906257025428025e-02
2.536714167533860725e-02 6.633924902297952397e-02
3.423144395768444592e-02 9.986753792431204979e-02
4.619329092829082412e-02 1.538776577206514007e-01
6.233508961595276426e-02 2.435671714781754427e-01
8.411748371556466985e-02 4.107742759245205377e-01
1.135115247324112175e-01 1.357562031472222319e+00
1.531770290543378599e-01 4.026054067141909165e+00
2.067032601775446177e-01 9.553940372116942470e+00
2.789337150080712369e-01 2.153064488571366297e+01
2.789337150080712369e-01 2.153064588571364624e+01
2.844222970351655277e-01 2.269149189578231329e+01
2.900188779560732844e-01 2.392438519460293023e+01
2.957255828663123420e-01 2.523317708244726632e+01
3.015445786769302416e-01 2.662193017253167326e+01
3.074780749373088873e-01 2.809493091710591273e+01
3.135283246741599195e-01 2.965670294703233978e+01
3.196976252470283275e-01 3.131202128269947593e+01
3.259883192206299296e-01 3.306592747859178871e+01
3.324027952543545106e-01 3.492374576869242020e+01
3.389434890092710151e-01 3.689110028515695205e+01
3.456128840729804086e-01 3.897393342840629771e+01
3.524135129026660374e-01 4.117852547298161880e+01
3.593479577867015884e-01 4.351151550023232062e+01
3.664188518251797477e-01 4.597992375621476668e+01
3.736288799297351471e-01 4.859117554112198434e+01
3.809807798430402959e-01 5.135312674520043430e+01
3.884773431783630770e-01 5.427409115550406682e+01
3.961214164795788806e-01 5.736286966806096643e+01
4.039159023020405526e-01 6.062878155116259649e+01
4.118637603147172199e-01 6.408169791761655176e+01
4.199680084240196565e-01 6.773207757702721210e+01
4.282317239197386272e-01 7.159100545358967338e+01
4.366580446435331386e-01 7.567023377062048439e+01
4.452501701804095213e-01 7.998222622022682060e+01
4.540113630736464234e-01 8.454020535528542268e+01
4.629449500636254600e-01 8.935820346140982906e+01
4.720543233510380854e-01 9.445111718901674180e+01
4.813429418849494712e-01 9.983476625013875605e+01
4.908143326762059444e-01 1.055259565114959486e+02
5.004720921366890840e-01 1.115425478447654513e+02
5.103198874449196287e-01 1.179035271272330476e+02
5.203614579385328343e-01 1.246290868213772427e+02
5.306006165341561331e-01 1.317407096007383416e+02
5.410412511752222819e-01 1.392612595320207163e+02
5.516873263082733292e-01 1.472150803701759116e+02
5.625428843883127916e-01 1.556281015746475020e+02
5.736120474137798020e-01 1.645279527115364147e+02
5.848990184917255419e-01 1.739440869686968085e+02
5.964080834337887049e-01 1.839079145793400585e+02
6.081436123835743945e-01 1.944529470252646490e+02
6.201100614760552965e-01 2.047270743405175892e+02
6.323119745296256200e-01 2.117648859594448254e+02
6.447539847714475192e-01 2.148553265311881830e+02
6.574408165967492446e-01 2.167503635486590383e+02
6.703772873627401596e-01 2.187954668925799808e+02
6.835683092178246323e-01 2.210335552289221823e+02
6.970188909668098010e-01 2.235835561774703706e+02
7.107341399728146492e-01 2.265382143775647990e+02
7.247192640966023669e-01 2.299224979616801647e+02
7.389795736740751853e-01 2.337630194725725232e+02
7.535204835326774209e-01 2.380881567502879932e+02
7.683475150474771143e-01 2.429281836851326091e+02
7.834662982377060825e-01 2.483154117226550568e+02
7.988825739045510854e-01 2.542843430935355968e+02
8.146021958110121197e-01 2.608718368373454837e+02
8.306311329046529579e-01 2.681172887954847397e+02
8.469754715840898118e-01 2.757439510317332747e+02
8.636414180100774329e-01 2.834367272973311742e+02
8.806353004620686153e-01 2.911804963905671571e+02
8.979635717411467155e-01 2.989690756379849290e+02
9.156328116202387957e-01 3.067958129192927572e+02
9.336497293425416455e-01 3.146535652585873777e+02
9.520211661691106997e-01 3.225346768202467729e+02
9.707540979765759692e-01 3.304309563155237015e+02
9.898556379059754162e-01 3.383336538281102435e+02
1.009333039063707638e+00 3.462334370693515666e+02
1.029193697275631703e+00 3.541203670763901528e+02
1.049445153895360638e+00 3.619838733693161430e+02
1.070095098667811939e+00 3.698127285863961902e+02
1.091151372649105333e+00 3.775950226196653148e+02
1.112621971183914704e+00 3.853181362765946574e+02
1.134515046941406036e+00 3.929687144972049282e+02
1.156838913010915126e+00 4.005326391598837859e+02
1.179602046058532805e+00 4.079950015133000534e+02
1.202813089545811565e+00 4.153400742761868969e+02
1.226480857011798653e+00 4.225512834513970120e+02
1.250614335419654166e+00 4.296111799055319125e+02
1.275222688569119134e+00 4.365014107705979995e+02
1.300315260576131227e+00 4.432026907295716001e+02
1.325901579420908138e+00 4.497200498407985378e+02
1.351991360565847788e+00 4.567736910985184409e+02
1.378594510644617799e+00 4.651222547801787641e+02
1.405721131223833353e+00 4.748491966199633225e+02
1.433381522638756067e+00 4.860441325711004197e+02
1.461586187904468481e+00 4.988033485065137143e+02
1.490345836704003668e+00 5.132303568423126308e+02
1.519671389454956723e+00 5.294365048432716776e+02
1.549573981456108474e+00 5.475416398964691780e+02
1.580064967115647701e+00 5.676748376295154230e+02
1.611155924262586137e+00 5.899751994114632225e+02
1.642858658543016492e+00 6.145927265168525082e+02
1.675185207902869289e+00 6.416892790669855913e+02
1.708147847158880017e+00 6.714396287995502917e+02
1.741759092659499464e+00 7.040326157718955074e+02
1.776031707037515561e+00 7.396724202903493506e+02
1.810978704056193545e+00 7.755877394359807795e+02
1.846613353550772496e+00 8.049646382786755794e+02
1.882949186467198111e+00 8.234057442076258440e+02
1.919999999999999929e+00 8.300514630049709695e+02
