# Mass [Msun]	 Radius [km]	 Lambda
9.449649754192528117e-02 1.896615851019680861e+02 8.443756598329243164e+11
1.156109122998264238e-01 3.672324754532251490e+01 1.791156105008529127e+08
1.367253270577275526e-01 2.565801047389605571e+01 5.169537625023866445e+07
1.578397418156286813e-01 2.134948418478198562e+01 2.462220135741915926e+07
1.789541565735298101e-01 1.911099815323908047e+01 1.386608674636969715e+07
2.000685713314309666e-01 1.772205971696335425e+01 8.473543444729244336e+06
2.211829860893320676e-01 1.678860880383959753e+01 5.460047444212544709e+06
2.422974008472332241e-01 1.614504406202167530e+01 3.738663131844931282e+06
2.634118156051343251e-01 1.567615993698646371e+01 2.622488341883836314e+06
2.845262303630354817e-01 1.531414774967311132e+01 1.893429130226569949e+06
3.056406451209366382e-01 1.504066098129675133e+01 1.395494836358712288e+06
3.267550598788377392e-01 1.483137452631797792e+01 1.061568032353302697e+06
3.478694746367388957e-01 1.466167308983725270e+01 8.168618378668916412e+05
3.689838893946400522e-01 1.452748990126938722e+01 6.378954898208800005e+05
3.900983041525411532e-01 1.441757872190642864e+01 5.041924933399626752e+05
4.112127189104423097e-01 1.432679989500751105e+01 4.017136624942515045e+05
4.323271336683434107e-01 1.425251707137843482e+01 3.226639174258079147e+05
4.534415484262445672e-01 1.419301478170709707e+01 2.630084726338885957e+05
4.745559631841456683e-01 1.414439411886501752e+01 2.169510966394148709e+05
4.956703779420468248e-01 1.410338486333120045e+01 1.796705299181770242e+05
5.167847926999480368e-01 1.406870003554747761e+01 1.492007955148153706e+05
5.378992074578490268e-01 1.403934924306343213e+01 1.241285436192971538e+05
5.590136222157502388e-01 1.401572780274725538e+01 1.050232386270339921e+05
5.801280369736513398e-01 1.399622593103712376e+01 8.903581839453890279e+04
6.012424517315524408e-01 1.397978556312109966e+01 7.549692421166144777e+04
6.223568664894535418e-01 1.396605100769481567e+01 6.430909583336519427e+04
6.434712812473548649e-01 1.395535245836270377e+01 5.540231188073589146e+04
6.645856960052559659e-01 1.394611384305581758e+01 4.762787778374752088e+04
6.857001107631570669e-01 1.393827010968133173e+01 4.094792703340826847e+04
7.068145255210580569e-01 1.393170424128856588e+01 3.563876586802073143e+04
7.279289402789592689e-01 1.392605998444270909e+01 3.084886406124009955e+04
7.490433550368603699e-01 1.392218724113449824e+01 2.692361779808665233e+04
7.701577697947614709e-01 1.391881775761489415e+01 2.358231492124531360e+04
7.912721845526626829e-01 1.391568751538844850e+01 2.052514347519867442e+04
8.123865993105638950e-01 1.391286679725496711e+01 1.814234224044460279e+04
8.335010140684649960e-01 1.391025596843307000e+01 1.592948216300196691e+04
8.546154288263660970e-01 1.390808441848039223e+01 1.407229317168312809e+04
8.757298435842671980e-01 1.390584019149630457e+01 1.244734048566801539e+04
8.968442583421682990e-01 1.390354729651241072e+01 1.097790428460001567e+04
9.179586731000694000e-01 1.390134231483245308e+01 9.778371308464831600e+03
9.390730878579707230e-01 1.389915439231347172e+01 8.643670497068516852e+03
9.601875026158718240e-01 1.389696989012064954e+01 7.733238759719129121e+03
9.813019173737728140e-01 1.389461037862908377e+01 6.870700846473499951e+03
1.002416332131674137e+00 1.389170952240894508e+01 6.156309742544302026e+03
1.023530746889575127e+00 1.388855723125836228e+01 5.498296975015824501e+03
1.044645161647476339e+00 1.388503112827294395e+01 4.924102670329832108e+03
1.065759576405377329e+00 1.388140835864910549e+01 4.414392800466922381e+03
1.086873991163278541e+00 1.387770187068120897e+01 3.960529810032208843e+03
1.107988405921179531e+00 1.387326792109649887e+01 3.564870166957994115e+03
1.129102820679080743e+00 1.386846000353507335e+01 3.199131261345698476e+03
1.150217235436981955e+00 1.386316971438762380e+01 2.887572205274327644e+03
1.171331650194883167e+00 1.385772654963752082e+01 2.593184096643020894e+03
1.192446064952784379e+00 1.385153193521205495e+01 2.348775552073340805e+03
1.213560479710685147e+00 1.384519397556975484e+01 2.113901021134357961e+03
1.234674894468586581e+00 1.383794209966130850e+01 1.918758797672189075e+03
1.255789309226487793e+00 1.383059166835868581e+01 1.727901248167541780e+03
1.276903723984388783e+00 1.382228126002891955e+01 1.571526154894311503e+03
1.298018138742289995e+00 1.381391565595649773e+01 1.417133697378431179e+03
1.319132553500190763e+00 1.380456519595253617e+01 1.290412942592023001e+03
1.340246968258092197e+00 1.379518723822274673e+01 1.164464797149233391e+03
1.361361383015993187e+00 1.378479339905298140e+01 1.062056270486904850e+03
1.382475797773894621e+00 1.377438720055820909e+01 9.599341294081824572e+02
1.403590212531795611e+00 1.376286623965660283e+01 8.766250098823278449e+02
1.424704627289696823e+00 1.375133726416449242e+01 7.934511466792636156e+02
1.445819042047597813e+00 1.373867823915323605e+01 7.252981978439678414e+02
1.466933456805498803e+00 1.372601320203076725e+01 6.572251635665352296e+02
1.488047871563400237e+00 1.371208343388059703e+01 6.005724740939273261e+02
1.509162286321301005e+00 1.369814605620436865e+01 5.439884975804172882e+02
1.530276701079202439e+00 1.368285706084187758e+01 4.974832251235824288e+02
1.551391115837103651e+00 1.366755988215545514e+01 4.510325416269528205e+02
1.572505530595004641e+00 1.365091270035568982e+01 4.127585535469928573e+02
1.593619945352905853e+00 1.363423702816531780e+01 3.746065350735484003e+02
1.614734360110806843e+00 1.361605085004384108e+01 3.429211114806001888e+02
1.635848774868708055e+00 1.359778451919358311e+01 3.115034250281517529e+02
1.656963189626609267e+00 1.357809529864779385e+01 2.848386699371699819e+02
1.678077604384510479e+00 1.355821574873205648e+01 2.586817554059575173e+02
1.699192019142411469e+00 1.353678865763857253e+01 2.366540206129379840e+02
1.720306433900312459e+00 1.351500514321810975e+01 2.152428962274474600e+02
1.741420848658213671e+00 1.349175274647706679e+01 1.963729302279071192e+02
1.762535263416114661e+00 1.346792648260455216e+01 1.785068602532224986e+02
1.783649678174016096e+00 1.344278243304112586e+01 1.629460622555481848e+02
1.804764092931917085e+00 1.341666243786521839e+01 1.482764264887577497e+02
1.825878507689818298e+00 1.338935935166894886e+01 1.346871030053127640e+02
1.846992922447719510e+00 1.336060313195358162e+01 1.225125534048582665e+02
1.868107337205620277e+00 1.333104674207259599e+01 1.111170511785052355e+02
1.889221751963521712e+00 1.329934324634593956e+01 1.012355070844441229e+02
1.910336166721422702e+00 1.326688973053000709e+01 9.175708298386054196e+01
1.931450581479323914e+00 1.323216368617409167e+01 8.325035823639528587e+01
1.952564996237225126e+00 1.319594949992519517e+01 7.535257001488824358e+01
1.973679410995126338e+00 1.315825459233901995e+01 6.806068188347899195e+01
1.994793825753027328e+00 1.311756336424796032e+01 6.149124654422000447e+01
2.015908240510928540e+00 1.307529109672293366e+01 5.534006846703466209e+01
2.037022655268829308e+00 1.303082358478316216e+01 4.978364043952975493e+01
2.058137070026730520e+00 1.298280367798145996e+01 4.487041759796053242e+01
2.079251484784631732e+00 1.293221588881884010e+01 4.023242164171028179e+01
2.100365899542532944e+00 1.287863038765141255e+01 3.587587064562840311e+01
2.121480314300434156e+00 1.282080683430667101e+01 3.196547138067870009e+01
2.142594729058334924e+00 1.275811321478736282e+01 2.842239951619766813e+01
2.163709143816236136e+00 1.268732438524543049e+01 2.500277292476637570e+01
2.184823558574137348e+00 1.251980021421554845e+01 2.034615976703805629e+01
